inf
inf
inf
inf
inf
inf
inf
inf
inf
inf
inf
inf
7.527941943392837953e-02
inf
inf
inf
5.914039151796165322e-02
inf
inf
4.589659620660015149e-02
inf
6.196566137296468518e-02
7.766768135947450802e-02
6.545838038134804693e-02
1.458233235861340071e-01
8.054203152283148648e-02
1.096535185277570934e-01
1.579247371538031741e-01
2.189436557565560826e-01
1.948282546575389185e-01
2.221631026764075423e-01
3.518856436205346494e-01
4.722450286422401611e-01
4.477036339432139966e-01
8.086779629075496745e-01
7.469170517941740028e-01
1.011995408909432737e+00
1.334348637667659654e+00
1.673502253924768812e+00
1.932278847461106119e+00
2.560801182213226390e+00
3.407980581851705271e+00
3.984317632041017632e+00
6.043110951811060616e+00
6.221740257798566098e+00
1.243602961938529106e+01
