inf
inf
inf
inf
inf
inf
inf
inf
inf
inf
3.473081269300503315e+00
inf
inf
2.829409784997370281e+00
inf
3.831099145828588348e+00
inf
5.388689316296840559e+00
inf
7.685597044840621450e+00
1.094098786147743496e+01
inf
1.535457028893921638e+01
2.093885525545505288e+01
2.776280394191535805e+01
2.822379724683689872e+01
5.683119389235804420e+01
6.980052021317236211e+01
6.496614376885725051e+01
9.162676888421277965e+01
1.247195116824698715e+02
1.649493929034078974e+02
2.130135830731450142e+02
2.314286532423727749e+02
3.179339085900423356e+02
4.233171841345718462e+02
5.501664867292307690e+02
6.273097856731224056e+02
8.388730383845512506e+02
1.006183750875695637e+03
1.355192177420443841e+03
1.777435759028920074e+03
2.127663242277027166e+03
2.635910627317758554e+03
3.513256662307028364e+03
5.227134819211854847e+03
