inf
inf
inf
inf
inf
inf
inf
inf
inf
inf
inf
1.104751185208415754e-01
inf
inf
inf
1.275338632979284847e-01
inf
inf
1.406482289447210654e-01
inf
1.624450724297527016e-01
5.717852231307283262e-01
1.805106546940449530e-01
inf
2.288325194156713427e-01
2.884426802919345945e-01
3.746843346467292335e-01
4.803342823804716000e-01
5.224672349718825215e-01
6.415139813545405190e-01
8.404799684064175880e-01
1.019891254450137286e+00
9.367338393308258793e-01
1.707162662356115135e+00
1.519728904145903670e+00
2.031412605110687331e+00
2.653322686743021741e+00
2.923979829793526442e+00
4.760448248179379505e+00
5.005952860649450109e+00
6.641739846853655926e+00
7.720659655052137360e+00
1.053104095223511649e+01
1.395930756307800458e+01
1.661133266306224954e+01
2.725566179217901563e+01
