inf
inf
inf
inf
inf
inf
inf
inf
8.312959024133023123e-01
5.956884902904978629e-01
inf
inf
inf
4.082294403139557493e-01
inf
inf
3.811684159598177635e-01
inf
4.454058257275558264e-01
inf
5.424421292776534509e-01
inf
7.413246621733147190e-01
1.008923867953513964e+00
1.341442825575297926e+00
1.757742247577708916e+00
2.252261454856387957e+00
2.842157520731683373e+00
3.552687596064509901e+00
4.380083809530302297e+00
4.092633901316165890e+00
7.623857306882859675e+00
6.842581820998514530e+00
9.252200180998785939e+00
1.218137941054776796e+01
1.349660931131072061e+01
2.209345554940128409e+01
2.326936793008715298e+01
2.813992073490859980e+01
4.270169819468188166e+01
4.934245539272491499e+01
6.547185222375605917e+01
7.796313864482209510e+01
1.044614666748413612e+02
1.273629336531463139e+02
2.254291783633815953e+02
