inf
inf
inf
inf
inf
inf
inf
inf
inf
inf
inf
4.128481713557062283e-01
inf
inf
inf
2.256142216680393497e-01
inf
inf
2.031419054428042770e-01
8.595906527107742834e-01
inf
1.618328304625725189e-01
1.010370396780735147e+00
1.695980591969778739e-01
1.904253818121642294e-01
1.187495548467479844e+00
2.245799024188318560e-01
2.786421846642058719e-01
3.439167819985763930e-01
4.230166539246985602e-01
5.179692810948920423e-01
4.881574098269220729e-01
8.997833305152476147e-01
8.306764256797070090e-01
1.480611033273112831e+00
1.321711014423953001e+00
1.748343590871114461e+00
1.957185617690329726e+00
3.194875310063769014e+00
3.414128920113625565e+00
4.573834448413081510e+00
5.970038882700448468e+00
6.842400672562717112e+00
9.201701148260072571e+00
1.204662157431073766e+01
1.733601785199646272e+01
