2.976735277733101939e-02
1.772542642997188556e-01
2.122990550729429715e-01
2.933466351947863759e-01
inf
inf
2.896034096994953844e-01
2.161769176378317836e-01
9.332903177206693934e-01
4.006586527918638119e+00
6.155997880046562010e+00
4.838694833515931326e-01
7.091194709935914275e+00
1.601016060590561807e+01
9.459395926611616767e-01
1.904724416508883067e+01
1.714734133270192196e+00
3.137102621954992898e+01
2.828658591045719373e+00
4.749806894193867812e+00
1.052062988093347684e+01
6.351506781211957886e+00
8.905501842477047347e+00
1.207331497418553923e+01
1.593643713435118237e+01
2.054099423933023516e+01
2.597173233059998054e+01
2.504639806165944194e+01
4.776664437546192232e+01
4.377731603483594824e+01
6.045981958575553250e+01
8.082803899059075547e+01
1.054257067689859895e+02
1.346010343577622450e+02
1.445454922710299854e+02
1.961674661499311298e+02
2.588174497539348522e+02
2.994395273886595987e+02
4.061783260000569271e+02
5.356578017984650160e+02
6.340858047133571063e+02
8.445348270644653894e+02
1.024178901385434756e+03
1.361596296800275013e+03
1.665409211286425261e+03
2.754860770485376634e+03
