inf
inf
inf
inf
inf
inf
5.843694764103869455e-01
inf
inf
inf
inf
9.247658890708315704e-01
inf
inf
1.267694571681325266e+00
inf
1.925456218058028579e+00
inf
2.939822163674340239e+00
4.753822844288024818e+00
1.111860999450036580e+01
6.371594145995768343e+00
8.927251424908178024e+00
1.209560467586931587e+01
1.595831829932713219e+01
2.055513669170537483e+01
2.598148595951753492e+01
2.504902859173486718e+01
4.777049313715448875e+01
4.377744959816396886e+01
6.046005530728017874e+01
8.082813808350775275e+01
1.054257221536795868e+02
1.346010361891176785e+02
1.445454922710299854e+02
1.961674661499311298e+02
2.588174497539348522e+02
2.994395273886595987e+02
4.061783260000569271e+02
5.356578017984650160e+02
6.340858047133571063e+02
8.445348270644653894e+02
1.024178901385434756e+03
1.361596296800275013e+03
1.665409211286425261e+03
2.754860770485376634e+03
