inf
inf
inf
inf
1.852601640448212905e-01
8.250683644105738512e-02
5.915124641268484917e-02
6.095575332560917992e-02
6.213036996996811057e-02
6.336876300342607349e-02
5.699965818381556859e-02
4.695298351384898095e-02
3.360663068945696219e-02
3.474433486219703771e-02
3.834711337207847431e-02
3.785944339193113295e-02
3.698190239637186988e-02
3.932277123707809269e-02
5.248886694581533091e-02
3.996686020056998412e-02
5.345770526946875406e-02
5.809863404841954238e-02
6.018167118484427092e-02
6.457160887575973118e-02
1.257957935111580494e-01
8.000367698530362615e-02
1.089812570767838967e-01
1.570343780624790520e-01
2.178467970293794520e-01
1.944664428960297120e-01
2.219480019630369061e-01
3.515785736276842433e-01
4.720720221499067337e-01
4.476588208153263748e-01
8.086384188352964131e-01
7.469092453592853786e-01
1.011992175993500664e+00
1.334345296146867144e+00
1.673501767997579215e+00
1.932278847461106119e+00
2.560801182213226390e+00
3.407980581851705271e+00
3.984317632041017632e+00
6.043110951811060616e+00
6.221740257798566098e+00
1.243602961938529106e+01
