inf
inf
inf
inf
inf
inf
inf
inf
inf
inf
inf
2.743653552700839326e-01
1.954019371469138122e-01
inf
inf
inf
1.087321966671369322e-01
inf
inf
9.400347759916698187e-02
inf
8.912527755575681832e-02
2.904494275204094200e-01
9.511408871758171568e-02
9.616686431374283917e-01
1.151840023033241928e-01
1.444174599695013661e-01
1.860668616044774959e-01
2.357102925839072993e-01
2.892078780720072073e-01
3.637904657385954699e-01
4.532366685692093000e-01
5.539628800502379713e-01
5.149464700276703555e-01
7.365580695732799610e-01
1.253530960428365093e+00
1.149703470479145562e+00
1.311424898646717185e+00
2.162911678547204009e+00
2.347553462452018902e+00
3.190729223100180700e+00
4.157984090936388100e+00
5.397126747288142568e+00
6.107288832899349984e+00
8.104503468755398288e+00
1.178004668752743278e+01
