5.496480384507316241e-01
5.389806844512006201e-01
4.521820057479246646e-01
4.556954989640116804e-01
6.867804952172460453e-01
1.284170239945996439e+00
1.340690755359490227e+00
1.681231721186555284e+00
7.379339565192410966e-01
8.153133660099631808e-01
2.179428865199913634e+00
2.832713050788692399e+00
7.817051918548099110e-01
2.676997472762189467e+00
5.392703637959884944e+00
1.140311645152258802e+00
7.149781418138386968e+00
1.588476605102870032e+00
1.144117972467633670e+01
2.046299170206038021e+00
3.035020520624340801e+00
5.338293786887382097e+00
3.508348076711400587e+00
4.519848189313480091e+00
5.765306739479798104e+00
7.246287405260932069e+00
9.046155423637497250e+00
1.115975552312619712e+01
1.044669705067193988e+01
1.951994924169085621e+01
1.767295241727699207e+01
2.407653250795454980e+01
3.192251336545641394e+01
4.139629921982268002e+01
5.263693655254035519e+01
5.635544107057683050e+01
7.629458796665755926e+01
1.005057077444267435e+02
1.161660257678081507e+02
1.574775443053009099e+02
2.075474948610065553e+02
2.455052848847431051e+02
3.269606915914555998e+02
3.964965875343215203e+02
5.270619503508654589e+02
8.056451248598294796e+02
