inf
inf
inf
inf
inf
inf
inf
inf
inf
inf
3.291025623733998678e-02
inf
inf
inf
5.515770450540707914e-02
inf
inf
8.513033771645968362e-02
inf
1.628466981768334765e-01
2.215951935210969947e-01
1.982451094919889245e-01
5.699016051515469750e-01
2.722708294529338491e-01
3.828346255720617708e-01
2.232253653099010471e+00
5.128577759091271782e-01
6.762091678984654131e-01
8.670832690923345742e-01
8.552075974587428631e-01
1.659933138927364826e+00
2.019915611465236793e+00
1.849456114797342510e+00
2.561334398244874411e+00
3.442797890669698102e+00
4.507129354172645819e+00
5.785246208162136305e+00
6.251064140783548773e+00
8.551322139429927915e+00
1.132251912877787881e+01
1.469349243836253827e+01
1.670400805368304020e+01
2.228683747705634488e+01
2.679588652585285757e+01
3.572312834703512152e+01
5.757546522874878292e+01
