inf
inf
inf
inf
inf
inf
inf
inf
inf
inf
inf
inf
4.283624305478116873e-02
inf
inf
inf
2.051799897445030774e-02
inf
inf
2.207689262384809198e-02
inf
4.598298904267494880e-02
3.615840369329224174e-02
5.073472223661162211e-02
6.797929204526458047e-02
5.828633407472494365e-02
9.561201410995201488e-02
1.694348586591861994e-01
1.157139795588492670e-01
1.561488990209917993e-01
2.053952502435937022e-01
2.149080726688989695e-01
3.684729573718331097e-01
5.084353398236119981e-01
4.736576884848263114e-01
6.670188100949903109e-01
9.153479009717063741e-01
1.169883037129922920e+00
1.542408570033752646e+00
1.688482658041838835e+00
2.653005893569727380e+00
2.797335304521407551e+00
3.294020715243072495e+00
4.546400411508481731e+00
6.071434658028558751e+00
1.054985744134100933e+01
