inf
inf
inf
inf
inf
inf
inf
inf
2.107780794654467105e+00
inf
inf
inf
1.772228013388243317e+00
inf
inf
1.393631643844153611e+00
inf
1.342660788199558919e+00
inf
1.513646812056205881e+00
inf
1.812038565625156306e+00
2.368044774518603734e+00
4.702327598265888753e+00
3.941514338689224850e+00
3.855195619830958709e+00
4.672349021100848709e+00
4.797237370410338819e+00
8.950751898937246764e+00
1.081704775038219246e+01
9.878709650996350788e+00
1.369116628621004139e+01
1.840795456434349120e+01
2.414926275104748754e+01
3.101364781317046493e+01
3.354403044913819798e+01
4.590850677398054813e+01
6.101323831298034861e+01
7.916203328135647155e+01
9.017492144988440828e+01
1.204804023215694002e+02
1.443067941934553460e+02
1.944463137927475884e+02
2.550496122228832974e+02
3.050373365311864404e+02
4.711537446875832984e+02
