inf
inf
inf
inf
inf
inf
inf
inf
inf
inf
inf
1.560226434175030763e-01
inf
inf
inf
1.497833915038267460e-01
inf
inf
1.553265687555015762e-01
inf
2.433565097909564101e-01
1.973298553157408486e-01
2.238565328046839276e-01
2.915543540763702035e-01
2.114218340459775025e-01
2.784518846949073922e-01
6.370305624718324289e-01
3.225393919429700440e-01
3.948045907402288890e-01
4.855269922322418830e-01
4.607571807382266904e-01
8.521592806962109412e-01
1.037368602571487219e+00
9.401641433152961858e-01
1.289048548832918639e+00
1.720767103877563819e+00
2.245200041686057357e+00
2.876809682349861674e+00
3.107206556879997805e+00
4.481679162841156305e+00
5.174352780449955169e+00
7.279609436526166988e+00
8.288830140055987172e+00
1.106396621006124370e+01
1.439537406445316314e+01
1.938499169031225833e+01
