inf
inf
inf
inf
inf
inf
inf
inf
inf
inf
1.756498531253267714e-01
inf
inf
inf
1.341806817157294163e-01
inf
inf
1.405216550804188613e-01
inf
inf
1.617104227438333208e-01
inf
2.128658834780543796e-01
2.692199292789277942e-01
inf
3.566797779932335821e-01
4.744669697987523027e-01
6.049994999158815334e-01
7.598075248887972144e-01
9.503196336041697112e-01
9.075368198190746361e-01
1.684277831276871140e+00
1.570550641216143850e+00
2.751011521325596121e+00
2.489046529473943892e+00
3.293126283055939130e+00
3.939016180033888759e+00
5.195160078288689753e+00
6.407868336595892167e+00
8.581170684200147392e+00
1.119832500618444726e+01
1.281360487421791916e+01
1.721320708316599379e+01
2.252987922671701426e+01
2.648579312145444575e+01
4.308703842023641783e+01
