6.833918866374871781e-02
1.490439181699432514e-01
3.959489513671980432e-01
inf
inf
inf
3.434665629680815901e-01
9.147387704335165903e-01
6.051159840381603594e+00
1.064777844475634438e+01
7.434371469722744763e-01
4.357054575227377491e+00
2.013089021042527804e+01
1.528056271444867331e+00
2.292978577051480826e+01
2.890646258377137290e+00
1.236978378081724195e+01
4.708174132913168997e+00
6.942568701879318382e+01
7.335802910260865062e+00
1.082294542319890063e+01
2.215927297335339574e+02
1.530183827711603328e+01
2.088734171751185187e+01
2.771002870847729227e+01
2.819556896148263192e+01
5.678169563959293953e+01
6.978609448363805257e+01
6.496312319818477476e+01
9.162636123107121477e+01
1.247192761072094669e+02
1.649491904139247538e+02
2.130135709487757651e+02
2.314286532423727749e+02
3.179339085900423356e+02
4.233171841345718462e+02
5.501664867292307690e+02
6.273097856731224056e+02
8.388730383845512506e+02
1.006183750875695637e+03
1.355192177420443841e+03
1.777435759028920074e+03
2.127663242277027166e+03
2.635910627317758554e+03
3.513256662307028364e+03
5.227134819211854847e+03
