inf
inf
inf
inf
inf
inf
inf
inf
inf
inf
2.937926318522879887e-01
inf
inf
inf
inf
1.711003040015920407e-01
inf
inf
1.749532785147906166e-01
inf
1.838583829353682697e-01
inf
2.181576889896208182e-01
3.801235830618655553e-01
3.807478735584213236e-01
3.362558526569169315e-01
4.295579611572695744e-01
5.443900784089376055e-01
6.725402843581493872e-01
8.278912556415136681e-01
1.010363985215621208e+00
9.422045289502577470e-01
1.730429601508547854e+00
1.562776896493875300e+00
2.117056441063652095e+00
2.791006737255070203e+00
3.603938741149252944e+00
4.577309928822927532e+00
4.890966391233849464e+00
6.610442966219915562e+00
8.694921330275819926e+00
1.002458522700357513e+01
1.356502147493223731e+01
1.786527715270654326e+01
2.112270610513959923e+01
3.451616597242868778e+01
