inf
inf
inf
inf
inf
inf
inf
3.462345578121909906e+00
inf
inf
inf
inf
2.144874458876104395e+00
inf
inf
1.971359644274707668e+00
inf
2.018681652791531889e+00
inf
2.209402962411609384e+00
3.049235007084529325e+00
5.767810029964470786e+00
3.528830238217749660e+00
4.536438286351012650e+00
5.781241827629322039e+00
7.261568869409172677e+00
9.055319645460301103e+00
1.116450783986374162e+01
1.044788045813430521e+01
1.952153530860626418e+01
1.767302221852817468e+01
2.407663485221505795e+01
3.192256037835316462e+01
4.139630568520267673e+01
5.263693741241083046e+01
5.635544107057683050e+01
7.629458796665755926e+01
1.005057077444267435e+02
1.161660257678081507e+02
1.574775443053009099e+02
2.075474948610065553e+02
2.455052848847431051e+02
3.269606915914555998e+02
3.964965875343215203e+02
5.270619503508654589e+02
8.056451248598294796e+02
