inf
inf
inf
inf
inf
inf
inf
inf
inf
inf
inf
inf
1.573236493457273177e-01
inf
inf
inf
7.706650404601599058e-02
inf
inf
5.402807096008864496e-02
inf
6.196566137296468518e-02
1.059279471157961589e-01
6.545838038134804693e-02
1.968168087827219248e-01
8.127047715336392641e-02
1.096535185277570934e-01
1.582748518734286569e-01
2.191406080443837889e-01
1.949009218290599088e-01
2.222356128301070100e-01
3.519749624735297178e-01
4.723333135190778687e-01
4.477482252051336875e-01
8.086867270236147709e-01
7.469197927798959524e-01
1.011997245805156709e+00
1.334349203402967365e+00
1.673502389751837072e+00
1.932278847461106119e+00
2.560801182213226390e+00
3.407980581851705271e+00
3.984317632041017632e+00
6.043110951811060616e+00
6.221740257798566098e+00
1.243602961938529106e+01
