inf
inf
inf
inf
inf
inf
inf
inf
inf
inf
inf
inf
inf
3.413827658976708035e-01
inf
inf
2.688930513917724974e-01
inf
3.978734045173518141e-01
4.865406317256573132e-01
3.957549957183597589e-01
1.738614247582263905e+00
5.309979979641564762e-01
7.333042456533936937e-01
3.161310929620116283e+00
9.658900814932452894e-01
1.282928047322721143e+00
1.662786892595747412e+00
1.678988296649378320e+00
3.120339868873515776e+00
3.992428368451329757e+00
3.686614263524600421e+00
5.159339976112083725e+00
7.040030189438277297e+00
9.008688394624060791e+00
1.180405083827315060e+01
1.370492788613029411e+01
1.781083442467398115e+01
2.127025568011722712e+01
2.501619019264286337e+01
3.596738082674136194e+01
4.302402320886915277e+01
5.994610963710202611e+01
7.017410616804232859e+01
8.645467145085262928e+01
1.541758061753103277e+02
