inf
inf
inf
1.743283311124651375e-02
2.358692519879583213e-02
1.664167946092826728e-02
5.457664111745824664e-02
3.211897537528017599e-02
3.678233048634604874e-02
4.283247194310062927e-02
4.391860598693712175e-02
4.662885368303425898e-02
5.737920287389372542e-02
6.972602321271441361e-02
1.139789979895931005e-01
6.475354407533104317e-02
9.491414859692204331e-02
2.685996923855854535e-01
9.429960291868859368e-02
2.805918948489393161e-01
1.399784882431087396e-01
4.417026992198281321e-01
1.917160827701127612e-01
3.693122905981771620e-01
3.539600038151067829e-01
3.334307463439079022e-01
4.271601954411053392e-01
5.413506949805999557e-01
6.693328339351137801e-01
8.251391993313078599e-01
1.008593244674717004e+00
9.419925788533531907e-01
1.730156394579580148e+00
1.562729928930942203e+00
2.117034618737654750e+00
2.790999268803324718e+00
3.603935973706722695e+00
4.577309799415264280e+00
4.890966391233849464e+00
6.610442966219915562e+00
8.694921330275819926e+00
1.002458522700357513e+01
1.356502147493223731e+01
1.786527715270654326e+01
2.112270610513959923e+01
3.451616597242868778e+01
