inf
inf
inf
inf
inf
inf
inf
inf
inf
8.713892999216815705e-02
6.516924569541196477e-02
inf
inf
inf
7.297679979417763529e-02
inf
inf
9.794015439809759804e-02
inf
1.442210111523942739e-01
inf
2.130817936298399495e-01
inf
3.104285291634252819e-01
4.429658042433229359e-01
6.042085407716619727e-01
8.052707689856450912e-01
1.038641245757274012e+00
1.318517972810646643e+00
1.649352020400886243e+00
2.032662187312552771e+00
1.897863171089799961e+00
2.940667699448543448e+00
3.901224880835704401e+00
4.244917087868373962e+00
5.568637455507658984e+00
6.152549313872981429e+00
8.849934996139360521e+00
1.281984582129251393e+01
1.265145128527251472e+01
1.973507027464501817e+01
2.229795780206173106e+01
2.955648268319989214e+01
3.517121882140521194e+01
4.708323603076091501e+01
7.565836477419505002e+01
