inf
inf
inf
1.971640338804801079e-02
1.187507239340675029e-02
1.627927439697211820e-02
2.436819523305502888e-02
2.329210527728953553e-02
2.610419805646962965e-02
3.468668482635862277e-02
2.802496472008404391e-02
2.582458750866843331e-02
3.676480449850069027e-02
6.957456057777826330e-02
7.972398266885338813e-02
5.450615465690372002e-02
1.174828543767234695e-01
1.230707531639824853e-01
9.875059888819170961e-02
6.159442931195265869e-01
1.248954773928276779e-01
1.121686737698839753e+00
1.890295411575166340e-01
2.635541149267705552e-01
1.480860228354805574e+00
3.541510430574980606e-01
4.723860258075225915e-01
6.028432494668242159e-01
7.577809578999331608e-01
9.488556389223496979e-01
9.071975448487312743e-01
1.683586762157630812e+00
1.570367094340805236e+00
2.750952646417580194e+00
2.489030093997710136e+00
3.293118956861036839e+00
3.939013806445503363e+00
5.195159953793252683e+00
6.407868336595892167e+00
8.581170684200147392e+00
1.119832500618444726e+01
1.281360487421791916e+01
1.721320708316599379e+01
2.252987922671701426e+01
2.648579312145444575e+01
4.308703842023641783e+01
