inf
3.400176083988586950e-01
2.797927361646120881e-01
2.421342142191385549e-01
2.855141368525269119e-01
2.760790002897859363e-01
2.779885183532329607e-01
4.504791976198762038e-01
3.845498900459835001e-01
2.900408871900381214e-01
4.073089538956629063e-01
8.885791393509760994e-01
6.515812607352187147e-01
3.471915285133739260e-01
1.213629204527262084e+00
7.465640696380245744e-01
5.239846271859328608e-01
3.510223747264370697e+00
6.255974171643740034e-01
5.802926602369817388e+00
8.504135972618155348e-01
1.144676774386067963e+00
9.595323932812460654e+00
1.496023623602330543e+00
1.950642454690581173e+00
2.516810350854790546e+00
3.204705484189672937e+00
4.033347331880035469e+00
5.000887939026579687e+00
4.736427726041726238e+00
8.927291887749195354e+00
8.091397854143162149e+00
1.108290864579015533e+01
1.475262580839500970e+01
1.917553743558647739e+01
2.099284202234705532e+01
3.399243605076183172e+01
3.550159505458164944e+01
4.214169620934100635e+01
6.534613571770844942e+01
7.344931661967508774e+01
8.918041585527642212e+01
1.216925541009907619e+02
1.612743698197076867e+02
1.946797175388927030e+02
3.029558340367795495e+02
