inf
inf
inf
inf
inf
inf
inf
inf
inf
1.992829288219806483e-01
inf
inf
inf
2.140768481268940648e-01
inf
inf
2.123955168364575763e-01
inf
3.978734045173518141e-01
3.656863276394608508e-01
3.957549957183597589e-01
9.194202996105791392e-01
5.193294839302440291e-01
7.333042456533936937e-01
2.977691569911612657e+00
9.653588228315934661e-01
1.282222992450676502e+00
1.661821668527971418e+00
1.678594460385027798e+00
3.119260986754646581e+00
3.991288673672135801e+00
3.686573492616794123e+00
5.159314348752978674e+00
7.040017632193412034e+00
9.008682153626869749e+00
1.180404908133432507e+01
1.370492775515318229e+01
1.781083442467398115e+01
2.127025568011722712e+01
2.501619019264286337e+01
3.596738082674136194e+01
4.302402320886915277e+01
5.994610963710202611e+01
7.017410616804232859e+01
8.645467145085262928e+01
1.541758061753103277e+02
