inf
inf
inf
inf
inf
inf
inf
inf
inf
inf
inf
2.019414129901708488e-01
inf
inf
inf
1.879432648641701231e-01
3.244153775843933718e-01
inf
2.031419054428042770e-01
2.422471396389123954e-01
inf
1.419238451905059373e-01
1.010370396780735147e+00
1.580165902227048114e-01
1.904253818121642294e-01
7.038199806770499833e-01
2.239943009502582683e-01
2.784320043329471805e-01
3.437023252774150106e-01
4.227691121710487887e-01
5.178156809772118674e-01
4.881023226762021272e-01
8.996416727504061850e-01
8.306339339598419746e-01
1.480608761323540801e+00
1.321703468551960636e+00
1.748343080657814852e+00
1.957185167770848278e+00
3.194875261398685495e+00
3.414128920113625565e+00
4.573834448413081510e+00
5.970038882700448468e+00
6.842400672562717112e+00
9.201701148260072571e+00
1.204662157431073766e+01
1.733601785199646272e+01
