inf
inf
inf
inf
inf
inf
inf
inf
inf
1.459556864697995615e-01
inf
inf
inf
inf
1.071499312330025516e-01
inf
inf
1.193514148864374125e-01
inf
1.622809270986511898e-01
inf
2.244105734462819302e-01
inf
3.156432523473035601e-01
4.441229662324873151e-01
6.042085407716619727e-01
8.060564761205883944e-01
1.039601586933150745e+00
1.319727364183604257e+00
1.650623748494678855e+00
2.032935746138285538e+00
1.897957654044787335e+00
2.940714959094375747e+00
3.901243338855623577e+00
4.244918232922129775e+00
5.568639906715193710e+00
6.152549370107347926e+00
8.849934996139360521e+00
1.281984582129251393e+01
1.265145128527251472e+01
1.973507027464501817e+01
2.229795780206173106e+01
2.955648268319989214e+01
3.517121882140521194e+01
4.708323603076091501e+01
7.565836477419505002e+01
