inf
inf
inf
inf
inf
inf
inf
1.621961101714689546e+00
inf
inf
inf
2.015864080054722951e+00
inf
inf
1.999182248601823808e+00
inf
2.550810779328034350e+00
4.176473121500537289e+00
2.640006244328907403e+00
inf
3.527228014042942839e+00
4.868326396910361176e+00
1.792568898304699587e+02
6.429825418999238984e+00
8.385448463062832758e+00
1.076583950281751356e+01
1.059111840532500537e+01
2.063992429605541545e+01
2.518476033506211920e+01
2.315994622249811741e+01
3.224128623002582117e+01
4.353605444709223349e+01
5.705360022224888894e+01
7.348992983862616768e+01
8.024032164283806878e+01
1.247260967053245082e+02
1.320144491487744176e+02
1.551654230213201799e+02
2.139458676522594374e+02
2.851446302038726230e+02
3.718178553916139890e+02
4.348918868778013120e+02
5.354537813237892578e+02
7.219023907234781063e+02
9.472166022353038670e+02
1.307033795231584236e+03
