inf
inf
inf
inf
inf
inf
inf
inf
inf
6.071002505190221221e+00
inf
inf
5.478854339258762529e+00
inf
inf
7.318220360594160923e+00
inf
1.030182431126197429e+01
1.470197211783559155e+01
inf
2.095480001157000771e+01
2.935149912871341016e+01
4.008792913011939163e+01
5.320248571633900525e+01
6.891779447966328576e+01
8.746039844794702844e+01
8.461536414200649858e+01
1.625433117058288417e+02
1.489893908034235324e+02
2.063174145245339162e+02
2.767181823311123594e+02
3.615378810332992998e+02
3.974022294788164231e+02
6.454336307748449144e+02
6.753204514244871461e+02
8.029626587983295849e+02
1.246437277713462436e+03
1.401978730161461499e+03
1.703606144247046814e+03
2.325814824512579435e+03
3.083177631787455994e+03
3.722480412120461551e+03
4.928287289350944775e+03
6.005942001834073380e+03
7.500273622561614502e+03
1.200971030923650869e+04
