inf
inf
inf
inf
inf
inf
1.106681031300966955e+00
inf
inf
inf
1.398254931782949129e+00
inf
inf
2.026941887113654417e+00
inf
3.164805090899970530e+00
inf
4.898609050408332166e+00
inf
7.404594219212607520e+00
1.084377629751567973e+01
inf
1.533793380516295102e+01
2.092495628177731248e+01
2.774328948808084405e+01
2.820826251564741938e+01
5.681792421967291062e+01
6.978964028089977489e+01
6.496368333647407667e+01
9.162658321691593244e+01
1.247194371907422266e+02
1.649492949254418761e+02
2.130135755851036663e+02
2.314286532423727749e+02
3.179339085900423356e+02
4.233171841345718462e+02
5.501664867292307690e+02
6.273097856731224056e+02
8.388730383845512506e+02
1.006183750875695637e+03
1.355192177420443841e+03
1.777435759028920074e+03
2.127663242277027166e+03
2.635910627317758554e+03
3.513256662307028364e+03
5.227134819211854847e+03
