2.747932873093259953e+00
7.479738512307988474e-01
7.147894303918630454e-01
3.518116078611813191e-01
3.346059055033754892e-01
4.954730640951955922e-01
5.620432820705386634e-01
8.950595150388405141e-01
5.634396392139193743e-01
6.208306058673674910e-01
1.002948518769534170e+00
1.947861259056289374e+00
7.987545318810297390e-01
9.032798155803677398e-01
2.672580392792894166e+00
8.687039786878483216e-01
2.391795925212386376e+00
1.288096565060694143e+00
1.831084205996641678e+00
1.424597996080884110e+00
7.259749772030160919e+00
1.784915084913422767e+00
2.360618575538458774e+00
4.619546333633858914e+00
3.916200031959608197e+00
3.845483474234954624e+00
4.665647105276783613e+00
4.794857240588492608e+00
8.944079600516928963e+00
1.081649257010759868e+01
9.878614907868136896e+00
1.369112308009106016e+01
1.840791857451223734e+01
2.414924373466348229e+01
3.101364688525076829e+01
3.354403044913819798e+01
4.590850677398054813e+01
6.101323831298034861e+01
7.916203328135647155e+01
9.017492144988440828e+01
1.204804023215694002e+02
1.443067941934553460e+02
1.944463137927475884e+02
2.550496122228832974e+02
3.050373365311864404e+02
4.711537446875832984e+02
