inf
inf
inf
inf
inf
inf
inf
inf
inf
inf
inf
2.145733766315678082e-01
inf
inf
inf
4.020373131202466532e-01
1.824367706164100322e-01
inf
3.957365325252428234e-01
1.268152970058888385e-01
inf
1.151122065838015990e-01
inf
1.234403984853160580e-01
1.912635055730393108e-01
2.289279804524080308e-01
1.817745354866228957e-01
2.285899481288761748e-01
2.843817976668266412e-01
3.524296527601523676e-01
4.354006359089467315e-01
5.335208033613673129e-01
4.989839071389467473e-01
9.265789279672670409e-01
8.379538651115194803e-01
1.140547427067852615e+00
1.511460246581742162e+00
1.959781577335136138e+00
2.214003768247873705e+00
3.212555786402089719e+00
3.617547674511809586e+00
4.763299630326076617e+00
5.504319776900998384e+00
7.460296429065548018e+00
9.831831723189043970e+00
1.421691777019687386e+01
