inf
inf
inf
inf
3.060927374585193483e+00
inf
inf
inf
inf
4.248899017611296181e+00
inf
inf
7.472194184671350214e+00
inf
1.236174742044801178e+01
inf
1.949052603479041679e+01
inf
2.988336622787741703e+01
4.414398966086096010e+01
6.271938254125028323e+01
8.591269387765943577e+01
1.141914672670503137e+02
1.480856678856313522e+02
1.881394796295183482e+02
2.348538162091903132e+02
2.228171872589439602e+02
3.212937396776919172e+02
5.863768358234573270e+02
5.174739151724564863e+02
5.924465455255726738e+02
9.978139573626292531e+02
1.073219417880742185e+03
1.458705096371747459e+03
1.926722605317094121e+03
2.485257925749309379e+03
2.814401115242718788e+03
3.444717562116955833e+03
5.151654475385947990e+03
5.970978445344915599e+03
7.280884991130109483e+03
9.727560782713120716e+03
1.195027934555905267e+04
1.503870327255028315e+04
2.008117335652889597e+04
2.932001294733011309e+04
