inf
inf
inf
inf
inf
inf
inf
inf
inf
inf
inf
inf
3.527705376355256828e+00
inf
inf
2.004998091247053082e+00
inf
1.645137338284541118e+00
inf
1.703493177123348357e+00
inf
1.882358473930100917e+00
2.384158120610457399e+00
4.702327598265888753e+00
3.948808648734566162e+00
3.858497667851738644e+00
4.675776980227405843e+00
4.799070899252362743e+00
8.956953488443765821e+00
1.081836851792513521e+01
9.878889825746846043e+00
1.369118735298065204e+01
1.840798998400001096e+01
2.414927967793136787e+01
3.101365201563417173e+01
3.354403044913819798e+01
4.590850677398054813e+01
6.101323831298034861e+01
7.916203328135647155e+01
9.017492144988440828e+01
1.204804023215694002e+02
1.443067941934553460e+02
1.944463137927475884e+02
2.550496122228832974e+02
3.050373365311864404e+02
4.711537446875832984e+02
