inf
inf
inf
inf
inf
inf
inf
inf
inf
inf
1.045857800474881971e-01
inf
inf
inf
inf
1.150969426874349499e-01
inf
inf
1.358231862935443124e-01
inf
1.615447930493471573e-01
inf
2.030681004850816707e-01
3.801235830618655553e-01
3.628990205127964885e-01
3.352027929813099494e-01
4.292084070217407343e-01
5.443900784089376055e-01
6.717893327157260508e-01
8.268159032202732073e-01
1.009916998533379573e+00
9.421270745548512293e-01
1.730260117440366674e+00
1.562757237041743741e+00
2.117045102753981833e+00
2.791005885792865904e+00
3.603936974904126789e+00
4.577309861107930367e+00
4.890966391233849464e+00
6.610442966219915562e+00
8.694921330275819926e+00
1.002458522700357513e+01
1.356502147493223731e+01
1.786527715270654326e+01
2.112270610513959923e+01
3.451616597242868778e+01
