inf
inf
inf
inf
1.402883502794599890e-01
6.832524672632382667e-02
8.270022157105716420e-02
9.245580631784651449e-02
9.874311200399105148e-02
1.022107320365396865e-01
1.060648757408565040e-01
9.583735126538341087e-02
6.038395746157043664e-02
5.895773014721108346e-02
6.023568771717071474e-02
6.905036209188511465e-02
6.213730005664539618e-02
7.328219073073276302e-02
9.671959926628452553e-02
7.156458413946632791e-02
1.006827642090668690e-01
8.546950545925638409e-02
1.197573797401042667e-01
9.392478662443473625e-02
2.925247775253377869e-01
1.139708725848528753e-01
1.436272411304138352e-01
1.849353801316061530e-01
2.347076061189802554e-01
2.883747925579511207e-01
3.631917502578153600e-01
4.528772454920892421e-01
5.537392351266936519e-01
5.148950063830588508e-01
7.365470623417403884e-01
1.253503802196118455e+00
1.149700544201155417e+00
1.311424009399316803e+00
2.162911592003435413e+00
2.347553462452018902e+00
3.190729223100180700e+00
4.157984090936388100e+00
5.397126747288142568e+00
6.107288832899349984e+00
8.104503468755398288e+00
1.178004668752743278e+01
