inf
inf
inf
inf
inf
inf
inf
inf
inf
8.657764681223888148e-02
inf
inf
inf
1.226843523228229454e-01
1.653715185696758017e-01
inf
1.917531457232839742e-01
1.881867262290632392e-01
inf
1.816779334584262273e-01
inf
2.636869565001948024e-01
3.853362308468060715e-01
2.019365073283611700e+00
5.342889000456976234e-01
7.379778410501761643e-01
9.819658020031413193e-01
1.279254098586598776e+00
1.629516906547710198e+00
2.047347998040607298e+00
1.952785460680213303e+00
3.702999501127708371e+00
3.366436071429345311e+00
4.620570037347113690e+00
6.154754899494118803e+00
7.998311686315778601e+00
8.754565925754599576e+00
1.415528024753207603e+01
1.478251677115768636e+01
1.753832837561590807e+01
2.716057121707715538e+01
3.049450679701042333e+01
3.699958089272050188e+01
5.492959811385419044e+01
5.920595323609288840e+01
1.065865374774407854e+02
