inf
inf
inf
inf
inf
inf
inf
inf
inf
inf
inf
inf
inf
6.544554548937113747e-01
inf
inf
5.139247530429675859e-01
inf
5.158068638022533792e-01
inf
5.868020640947232414e-01
inf
7.613275078749084379e-01
1.012788561882696392e+00
1.342256053918556402e+00
1.757876013667270865e+00
2.254633971025184369e+00
2.845344329667458982e+00
3.555769197489556444e+00
4.380758770173546424e+00
4.092873320132534687e+00
7.624105747113524068e+00
6.842601023320434628e+00
9.252202436099032923e+00
1.218138467206901510e+01
1.349660938577414093e+01
2.209345554940128409e+01
2.326936793008715298e+01
2.813992073490859980e+01
4.270169819468188166e+01
4.934245539272491499e+01
6.547185222375605917e+01
7.796313864482209510e+01
1.044614666748413612e+02
1.273629336531463139e+02
2.254291783633815953e+02
