inf
inf
inf
inf
inf
3.694431936119372314e-03
3.391184033620831158e-03
3.159321534325656728e-03
3.128013739039741531e-03
3.205811191749356227e-03
3.823978410687522197e-03
4.407749288563205317e-03
4.073808484624393510e-03
4.044145982264308811e-03
5.210762624285995154e-03
7.659977925337811688e-03
7.357129249056943918e-03
7.126571941066885824e-03
1.389706695691845899e-02
1.423340152532663432e-02
1.457763281454476333e-02
4.656654722590334444e-02
1.879481454216555894e-02
7.436069291653067681e-02
3.163834235702848996e-02
4.943939743369615836e-02
1.500522170742493722e-01
6.940209973970661028e-02
9.778890652575350506e-02
1.330888510836617522e-01
1.761442603453498568e-01
2.277421342856681408e-01
2.281655775181667678e-01
4.228783989482164940e-01
4.164306052652863577e-01
7.288514009515355552e-01
6.786657723235769435e-01
9.094418199941471936e-01
1.036883867258493019e+00
1.652419693335902107e+00
1.813023200742609031e+00
2.437107314356217636e+00
3.191185181697896667e+00
3.666366255602334867e+00
4.937735566572653667e+00
8.618690403260449884e+00
