inf
inf
inf
inf
inf
inf
inf
inf
inf
inf
inf
4.099191003393475974e+00
inf
inf
2.816172228656757426e+00
inf
2.729295870274742519e+00
inf
2.938959074650581815e+00
inf
3.665581305483378571e+00
4.907393429804683294e+00
inf
6.436307895300389603e+00
8.391775207510596246e+00
1.077459569811375673e+01
1.059533821749313276e+01
2.065553327410268025e+01
2.518836099691991492e+01
2.316057302907792348e+01
3.224132228294511293e+01
4.353616169331161956e+01
5.705363618156697214e+01
7.348993983079081715e+01
8.024032164283806878e+01
1.247260967053245082e+02
1.320144491487744176e+02
1.551654230213201799e+02
2.139458676522594374e+02
2.851446302038726230e+02
3.718178553916139890e+02
4.348918868778013120e+02
5.354537813237892578e+02
7.219023907234781063e+02
9.472166022353038670e+02
1.307033795231584236e+03
