inf
inf
inf
inf
inf
inf
inf
inf
inf
inf
5.995023089647683739e-02
inf
inf
inf
9.103026619216571247e-02
3.390142319523705705e-01
inf
1.281729852277835036e-01
2.194001503793239494e-01
inf
1.442252085536477046e-01
inf
1.981943352485396326e-01
2.653017605908380427e-01
2.519587861155388353e+00
3.557436185170630982e-01
4.740908689966435441e-01
6.046100135283055677e-01
7.593210521982586281e-01
9.499453390598857627e-01
9.074042517126086338e-01
1.683959496276415280e+00
1.570429030126705428e+00
2.750994816173860436e+00
2.489042513400382628e+00
3.293125443824516552e+00
3.939014509030626776e+00
5.195160024616080285e+00
6.407868336595892167e+00
8.581170684200147392e+00
1.119832500618444726e+01
1.281360487421791916e+01
1.721320708316599379e+01
2.252987922671701426e+01
2.648579312145444575e+01
4.308703842023641783e+01
