inf
inf
inf
inf
inf
inf
inf
inf
inf
inf
inf
2.362945544078466353e-01
inf
inf
inf
1.890146441053747461e-01
inf
inf
1.762732789378132214e-01
inf
1.792425207252427155e-01
inf
1.934647837060434195e-01
inf
2.345161056437505831e-01
2.890551659466567003e-01
3.749733237854465662e-01
4.810023857519342139e-01
5.229110468634813325e-01
6.420553471687896474e-01
8.409251900643660571e-01
1.020355207703221412e+00
9.367703827285690510e-01
1.707195565902448697e+00
1.519733419162554000e+00
2.031416504919537847e+00
2.653324374075851200e+00
2.923980140713799081e+00
4.760448266628968916e+00
5.005952860649450109e+00
6.641739846853655926e+00
7.720659655052137360e+00
1.053104095223511649e+01
1.395930756307800458e+01
1.661133266306224954e+01
2.725566179217901563e+01
