inf
inf
inf
inf
inf
inf
inf
inf
inf
inf
inf
inf
1.895385101016404047e-02
inf
inf
inf
1.714454496069694675e-02
6.007762839096204843e-02
inf
2.143065717580687479e-02
4.788685313924664205e-02
4.598298904267494880e-02
3.298332522466952688e-02
5.073472223661162211e-02
6.318268981914618165e-02
5.828633407472494365e-02
9.424661224710230434e-02
1.689554804758962303e-01
1.156818045483817003e-01
1.561040294862075795e-01
2.053301359461418285e-01
2.148868083585813715e-01
3.684249542140695666e-01
5.083837468373353374e-01
4.736404499528816814e-01
6.670183080481296711e-01
9.153415018779613721e-01
1.169882581728523885e+00
1.542408242980862543e+00
1.688482637118892571e+00
2.653005893569727380e+00
2.797335304521407551e+00
3.294020715243072495e+00
4.546400411508481731e+00
6.071434658028558751e+00
1.054985744134100933e+01
