1.382981240390982747e-01
inf
inf
inf
inf
5.875811287788630377e-01
9.690011722406403072e-01
9.520159312454767431e+00
1.298477203536963316e+02
1.608675754776644151e+00
2.283302433211292115e+00
2.956305734121527351e+01
3.058537325332841839e+00
6.825446361833287234e+00
1.533662019798423444e+02
5.238651645000783397e+00
3.037782729484306401e+02
8.887493828666986673e+00
1.392905858207678449e+01
3.078616174022737368e+02
2.063716389010476249e+01
2.924185618117598651e+01
3.998703455560068676e+01
5.309754059555098138e+01
6.882166241436866017e+01
8.739103734857266659e+01
8.458469925127187139e+01
1.625307942610925807e+02
1.489876927313297870e+02
2.063167411364279644e+02
2.767179634165560742e+02
3.615378062222766857e+02
3.974022268525124559e+02
6.454336307748449144e+02
6.753204514244871461e+02
8.029626587983295849e+02
1.246437277713462436e+03
1.401978730161461499e+03
1.703606144247046814e+03
2.325814824512579435e+03
3.083177631787455994e+03
3.722480412120461551e+03
4.928287289350944775e+03
6.005942001834073380e+03
7.500273622561614502e+03
1.200971030923650869e+04
