inf
inf
inf
inf
5.265838431506782852e-02
4.955928967506339350e-02
7.901532054392222670e-02
7.397112908549721699e-02
8.651602614680602155e-02
9.752972646968267878e-02
9.137127222324419040e-02
5.796978563467018730e-02
6.172526968611848769e-02
9.076774418206874639e-02
9.803188133666528026e-02
9.292450463281225204e-02
9.894742508059033159e-02
1.359435594638498945e-01
1.279285061559264081e-01
1.358949372189555416e-01
2.093415476528481534e-01
1.456760695039532316e-01
2.153787273364228816e-01
2.475858324856426707e-01
2.079816601396486941e-01
2.745524313974409547e-01
6.148533971931071651e-01
3.211772165289777936e-01
3.936141486652598442e-01
4.846692241351730490e-01
4.605126540619548514e-01
8.517420624555276376e-01
1.037137935343687589e+00
9.401441334927136406e-01
1.289034751867832007e+00
1.720761084603473767e+00
2.245195048752491207e+00
2.876809352735493430e+00
3.107206556879997805e+00
4.481679162841156305e+00
5.174352780449955169e+00
7.279609436526166988e+00
8.288830140055987172e+00
1.106396621006124370e+01
1.439537406445316314e+01
1.938499169031225833e+01
