inf
inf
inf
inf
inf
inf
inf
inf
inf
inf
inf
inf
inf
1.543485628083171302e-01
inf
inf
1.917531457232839742e-01
3.555470673571289320e-01
inf
2.055654520556708942e-01
inf
2.789939767928250047e-01
3.853362308468060715e-01
inf
5.359599704830801947e-01
7.383913816850951051e-01
9.824908062177919454e-01
1.280050786137477914e+00
1.630084055717723857e+00
2.047849039753077527e+00
1.952948570335145462e+00
3.703521108104808057e+00
3.366441070662607782e+00
4.620587883592308209e+00
6.154756766612270447e+00
7.998316099720163663e+00
8.754566015251489475e+00
1.415528024753207603e+01
1.478251677115768636e+01
1.753832837561590807e+01
2.716057121707715538e+01
3.049450679701042333e+01
3.699958089272050188e+01
5.492959811385419044e+01
5.920595323609288840e+01
1.065865374774407854e+02
