inf
inf
inf
inf
inf
inf
inf
inf
1.060045084330489829e+00
inf
inf
inf
7.499089977795823092e-01
inf
inf
7.881076787209581047e-01
1.487178328772941871e+00
inf
7.605293233785860307e-01
inf
9.041572650556531920e-01
1.154908352674076211e+00
inf
1.502927399756991855e+00
1.956653977912110820e+00
2.522537878674442346e+00
3.209335563468725727e+00
4.036251494596426070e+00
5.002668288948190600e+00
4.736906494226835740e+00
8.927752401672318427e+00
8.091441559213116363e+00
1.108292673180519650e+01
1.475264934816433637e+01
1.917554083314259117e+01
2.099284202234705532e+01
3.399243605076183172e+01
3.550159505458164944e+01
4.214169620934100635e+01
6.534613571770844942e+01
7.344931661967508774e+01
8.918041585527642212e+01
1.216925541009907619e+02
1.612743698197076867e+02
1.946797175388927030e+02
3.029558340367795495e+02
