inf
2.378615382792586830e-01
1.749375123626711048e-01
1.942001886787226295e-01
1.338985907924670482e-01
2.161234367132406908e-01
1.728389813374927031e-01
1.740832810811196729e-01
2.698940467714394109e-01
1.438657572533859341e-01
1.627875308317155989e-01
2.915956516871869297e-01
9.177022723307620700e-01
1.971826216777439744e-01
3.572096155345439450e-01
1.401245343753099615e+00
2.638712382423938907e-01
1.519718528763455367e+00
3.846387907552802354e-01
1.741095785397441364e+00
5.198437208981672164e-01
5.800773763979010234e+00
7.342047791693921965e-01
1.005721545954625373e+00
1.337994186670686592e+00
1.749390362045045499e+00
2.245063348444916507e+00
2.836896664040667648e+00
3.548043507635815441e+00
4.379264462254393031e+00
4.092536646868325967e+00
7.623671689461980705e+00
6.842560724248550663e+00
9.252188154153952127e+00
1.218137754051478439e+01
1.349660915732349586e+01
2.209345554940128409e+01
2.326936793008715298e+01
2.813992073490859980e+01
4.270169819468188166e+01
4.934245539272491499e+01
6.547185222375605917e+01
7.796313864482209510e+01
1.044614666748413612e+02
1.273629336531463139e+02
2.254291783633815953e+02
