inf
inf
inf
inf
inf
inf
inf
inf
inf
inf
inf
inf
4.452605210116276524e+00
inf
inf
2.856211090158710775e+00
inf
2.547612671533310724e+00
inf
2.496903527395134326e+00
3.049235007084529325e+00
7.444298105101522012e+00
3.561954743287486291e+00
4.541652044493791784e+00
5.786286740582991861e+00
7.267659146951730875e+00
9.061521826061264662e+00
1.116857181699554147e+01
1.044918281913361291e+01
1.952606056951572810e+01
1.767308161283243351e+01
2.407671513821185982e+01
3.192257361740461263e+01
4.139633102951329136e+01
5.263693811860137117e+01
5.635544107057683050e+01
7.629458796665755926e+01
1.005057077444267435e+02
1.161660257678081507e+02
1.574775443053009099e+02
2.075474948610065553e+02
2.455052848847431051e+02
3.269606915914555998e+02
3.964965875343215203e+02
5.270619503508654589e+02
8.056451248598294796e+02
