inf
inf
inf
inf
inf
inf
inf
inf
inf
inf
inf
inf
1.175089606509034290e+01
inf
1.558262948510308732e+01
inf
2.214611103087022315e+01
inf
3.153335315981615139e+01
4.476334833958324566e+01
6.285206774474024627e+01
8.597531988491117261e+01
1.142767650323510935e+02
1.481970831475647685e+02
1.882298844141737675e+02
2.349224236579000831e+02
2.228505339077492238e+02
3.212964429829572168e+02
5.863786141197393817e+02
5.174742711387688132e+02
5.924467401093540957e+02
9.978140317473236109e+02
1.073219417880742185e+03
1.458705096371747459e+03
1.926722605317094121e+03
2.485257925749309379e+03
2.814401115242718788e+03
3.444717562116955833e+03
5.151654475385947990e+03
5.970978445344915599e+03
7.280884991130109483e+03
9.727560782713120716e+03
1.195027934555905267e+04
1.503870327255028315e+04
2.008117335652889597e+04
2.932001294733011309e+04
