inf
inf
inf
inf
1.116190426595774499e-01
8.276183572740178351e-02
7.635001211295534829e-02
9.383996363907445848e-02
1.127022864023039805e-01
1.166387131103958502e-01
1.106734814786319437e-01
8.553930953909602564e-02
8.490705377618745775e-02
9.073441668846406183e-02
1.066802440254786405e-01
1.047244161446323762e-01
9.944707911678561663e-02
1.308242529536541576e-01
1.475585989284077804e-01
1.112760937824758822e-01
2.488555710504252727e-01
1.175999360977558333e-01
3.992811576475940316e-01
1.476230716874196991e-01
1.878811366373220049e-01
5.882866887225332020e-01
2.227255997925813302e-01
2.772209658284457423e-01
3.424056910518827879e-01
4.215883623255208268e-01
5.169902856429205995e-01
4.879171656733783946e-01
8.994570095017524469e-01
8.306069967595403059e-01
1.480563166377902196e+00
1.321697298462787051e+00
1.748339479128390828e+00
1.957184824159407865e+00
3.194875210213813155e+00
3.414128920113625565e+00
4.573834448413081510e+00
5.970038882700448468e+00
6.842400672562717112e+00
9.201701148260072571e+00
1.204662157431073766e+01
1.733601785199646272e+01
