inf
inf
inf
inf
inf
inf
inf
inf
inf
inf
inf
3.380294840770587395e-01
inf
inf
inf
2.134844582178056505e-01
inf
inf
1.951721672405215269e-01
inf
2.433565097909564101e-01
2.518120098436820165e-01
2.238565328046839276e-01
3.617735358139853585e-01
2.164771591830875197e-01
2.784518846949073922e-01
6.481331317916763091e-01
3.227888861176883006e-01
3.950715907312642994e-01
4.858391358813339278e-01
4.608487637240231138e-01
8.524266683437410341e-01
1.037614536045710079e+00
9.401703986851573935e-01
1.289053714612837354e+00
1.720770556509837901e+00
2.245201207063047821e+00
2.876810032076521750e+00
3.107206560506073689e+00
4.481679162841156305e+00
5.174352780449955169e+00
7.279609436526166988e+00
8.288830140055987172e+00
1.106396621006124370e+01
1.439537406445316314e+01
1.938499169031225833e+01
