inf
inf
2.401314204419387893e-02
1.300658735428932705e-02
1.056763064231020649e-02
1.274765729386512572e-02
1.156567369141255075e-02
1.613937327626218179e-02
2.323077439222821089e-02
3.767326569790836743e-02
2.374937638534564341e-02
3.194247079366770159e-02
5.421164265174794467e-02
1.730195800084678159e-01
4.633463369987191743e-02
9.091091410389369465e-02
5.079343351579413968e-01
7.658920951597235349e-02
3.858397209377104065e-01
1.337183984034168716e-01
5.020247944902106463e-01
2.061561094173207376e-01
2.404050282645413983e+00
3.082269161873069097e-01
4.417221849682272938e-01
6.019062801039031241e-01
8.015674755896572412e-01
1.035406413629595512e+00
1.316131797089562738e+00
1.647421855529805246e+00
2.031870557576038738e+00
1.897813776277817555e+00
2.940611996100657599e+00
3.901205767995901130e+00
4.244908579814424598e+00
5.568632985600045160e+00
6.152549255463184430e+00
8.849934996139360521e+00
1.281984582129251393e+01
1.265145128527251472e+01
1.973507027464501817e+01
2.229795780206173106e+01
2.955648268319989214e+01
3.517121882140521194e+01
4.708323603076091501e+01
7.565836477419505002e+01
