inf
inf
inf
inf
inf
2.207215694223249591e-02
1.643336966892182047e-02
1.088412793115021114e-02
1.107878859844116208e-02
1.288725619662583859e-02
1.195666850278775256e-02
1.480849887494815713e-02
1.088876331417612357e-02
1.026467378258499701e-02
1.250582350912795432e-02
1.673444749542101970e-02
1.352965197508156775e-02
1.556210436548893621e-02
2.622606285861679015e-02
2.017747756494618280e-02
2.528966925714894523e-02
4.089841523820818281e-02
3.017329132543358425e-02
4.907431695752250550e-02
6.075271462617380658e-02
5.808714741240528917e-02
9.335101998180338201e-02
1.675060121456685980e-01
1.154516912054579375e-01
1.558020578466243478e-01
2.050192846389153611e-01
2.147508442448921862e-01
3.682293291698943150e-01
5.083022849991231107e-01
4.736287795893879271e-01
6.670072604349157608e-01
9.153358680972820682e-01
1.169879767959999484e+00
1.542407782549604089e+00
1.688482620113697097e+00
2.653005893569727380e+00
2.797335304521407551e+00
3.294020715243072495e+00
4.546400411508481731e+00
6.071434658028558751e+00
1.054985744134100933e+01
