inf
inf
5.516290356087802382e-02
3.420618646065327895e-02
1.965864903977734141e-02
3.226950350106049664e-02
4.086309008935803955e-02
4.038484942144844603e-02
4.249889908191963744e-02
4.357601121859910887e-02
4.649797018599817477e-02
5.997744305680656474e-02
1.128198268036433860e-01
1.166724413519074771e-01
6.189582151672419486e-02
2.110798570328475954e-01
1.870758371651213559e-01
1.178255669990294491e-01
1.261580661340208742e+00
1.622049244087150066e-01
2.091184716741163907e+00
2.549038662901740304e-01
3.838265823113405362e-01
1.701792107198529136e+00
5.326595770964269727e-01
7.361216323252230964e-01
9.798279476716386105e-01
1.277016713056287056e+00
1.627842067192569075e+00
2.046653757506430527e+00
1.952613066419356169e+00
3.702753792030870184e+00
3.366416702891498414e+00
4.620549196057809560e+00
6.154743765037764547e+00
7.998310147446009211e+00
8.754565825437039095e+00
1.415528024753207603e+01
1.478251677115768636e+01
1.753832837561590807e+01
2.716057121707715538e+01
3.049450679701042333e+01
3.699958089272050188e+01
5.492959811385419044e+01
5.920595323609288840e+01
1.065865374774407854e+02
