inf
inf
7.806800635435054425e-02
7.409238400318020334e-02
5.480266567694860869e-02
6.396742407172449629e-02
5.799675510256467603e-02
6.885503490454136788e-02
9.582068662653797642e-02
8.476628480779617447e-02
1.086352226876186045e-01
1.404539233766242401e-01
3.314833617026389789e-01
1.440565293614850806e-01
1.538705487157365770e-01
7.155878776819227793e-01
1.715703532699803802e-01
3.441076326175318556e-01
3.906091316184458484e-01
2.940105758305763262e-01
3.934930910545968996e-01
7.513130434363783916e-01
5.156190536922141687e-01
7.300766705790610045e-01
2.819988643143307883e+00
9.629453633182623040e-01
1.279906107351478139e+00
1.659977094497636640e+00
1.677936679159412359e+00
3.117865161023554155e+00
3.990279453361182060e+00
3.686543030268267351e+00
5.159270390431663245e+00
7.040002461185914662e+00
9.008674526972416885e+00
1.180404864593746339e+01
1.370492775515318229e+01
1.781083442467398115e+01
2.127025568011722712e+01
2.501619019264286337e+01
3.596738082674136194e+01
4.302402320886915277e+01
5.994610963710202611e+01
7.017410616804232859e+01
8.645467145085262928e+01
1.541758061753103277e+02
