inf
inf
inf
inf
inf
inf
inf
inf
inf
inf
inf
inf
1.178019330437874053e-02
inf
inf
inf
9.036106009771024614e-03
2.944505584264741835e-02
inf
1.547640321939238416e-02
2.309856625378981301e-02
inf
2.043112709341241007e-02
1.169160429428041936e-01
3.279737297104797639e-02
4.977500420090531091e-02
1.630496006528888986e-01
6.959349726408561865e-02
9.802492243677637940e-02
1.334365027817251692e-01
1.765394020261755459e-01
2.280813705284794324e-01
2.283029171623673637e-01
4.230678375523457824e-01
4.164558177805632866e-01
7.288822516735190549e-01
6.786721114650423603e-01
9.094449366363688281e-01
1.036884707276594542e+00
1.652419793532565961e+00
1.813023200742609031e+00
2.437107314356217636e+00
3.191185181697896667e+00
3.666366255602334867e+00
4.937735566572653667e+00
8.618690403260449884e+00
