inf
inf
inf
inf
inf
inf
inf
inf
inf
inf
9.184581115160782294e-02
inf
inf
inf
7.993082980706102403e-02
inf
inf
1.032874889718597144e-01
inf
1.628466981768334765e-01
3.452750182661932787e-01
1.982451094919889245e-01
inf
2.770307275387626222e-01
3.828346255720617708e-01
2.452653855643917247e+00
5.131771057628052857e-01
6.765860723840246838e-01
8.676244577554140802e-01
8.553968148930538584e-01
1.660509311070399674e+00
2.020467431193079033e+00
1.849470757828743706e+00
2.561344316035426782e+00
3.442804039957249262e+00
4.507132498376236640e+00
5.785247163987340180e+00
6.251064166352450435e+00
8.551322139429927915e+00
1.132251912877787881e+01
1.469349243836253827e+01
1.670400805368304020e+01
2.228683747705634488e+01
2.679588652585285757e+01
3.572312834703512152e+01
5.757546522874878292e+01
