inf
inf
inf
inf
inf
inf
inf
inf
inf
inf
inf
4.482426830327311817e-01
inf
inf
inf
4.020373131202466532e-01
2.863380061349266592e-01
inf
3.957365325252428234e-01
1.625552732956626889e-01
inf
1.313876876076885136e-01
inf
1.314410533915754131e-01
1.912635055730393108e-01
2.386279293912234589e-01
1.821280476042437535e-01
2.286219132367413864e-01
2.846027282471769726e-01
3.526962007760616746e-01
4.357483421634101295e-01
5.338111604344184524e-01
4.990148784052808595e-01
9.266486595165872586e-01
8.379607711532275349e-01
1.140553915879832569e+00
1.511460557219370227e+00
1.959782485628785098e+00
2.214003791271184518e+00
3.212555786402089719e+00
3.617547674511809586e+00
4.763299630326076617e+00
5.504319776900998384e+00
7.460296429065548018e+00
9.831831723189043970e+00
1.421691777019687386e+01
