inf
inf
inf
inf
inf
inf
inf
inf
inf
inf
inf
3.346972918990204215e-01
inf
inf
inf
inf
1.495426622499466673e-01
inf
inf
1.121711364130169170e-01
inf
9.658473293136755899e-02
inf
9.995319754630048459e-02
inf
1.166923057874626052e-01
1.445552820031659191e-01
1.862188569543020422e-01
2.359132915103226980e-01
2.893928292242137212e-01
3.640391303244170373e-01
4.533902216588860390e-01
5.541315328628435566e-01
5.149612796476099597e-01
7.365639021533487707e-01
1.253539126199544995e+00
1.149705766121208006e+00
1.311425376170324286e+00
2.162911938993699490e+00
2.347553462452018902e+00
3.190729223100180700e+00
4.157984090936388100e+00
5.397126747288142568e+00
6.107288832899349984e+00
8.104503468755398288e+00
1.178004668752743278e+01
