1.216976748624370441e-01
inf
inf
inf
1.100420623762275785e+00
1.021013928383681213e+00
1.894181314020298856e+01
inf
inf
2.412433853191541910e+00
5.545243771878830330e+01
inf
5.607614136262000670e+00
2.396458547482649521e+02
1.085535901168263528e+01
3.632354152748226852e+02
1.865254814324072186e+01
3.721818325564017414e+03
2.954056537263254967e+01
4.399717763268126447e+01
6.256840216844635449e+01
8.575131165051048754e+01
1.140404162523984866e+02
1.479774442011913607e+02
1.880641404102712499e+02
2.348065976447054481e+02
2.228077756645074601e+02
3.212929924661733025e+02
5.863731008230137149e+02
5.174735571978955022e+02
5.924464933021694151e+02
9.978139478986726090e+02
1.073219417880742185e+03
1.458705096371747459e+03
1.926722605317094121e+03
2.485257925749309379e+03
2.814401115242718788e+03
3.444717562116955833e+03
5.151654475385947990e+03
5.970978445344915599e+03
7.280884991130109483e+03
9.727560782713120716e+03
1.195027934555905267e+04
1.503870327255028315e+04
2.008117335652889597e+04
2.932001294733011309e+04
