inf
inf
inf
inf
6.759717077192745061e-02
8.366870531764067365e-02
1.037836413551191245e-01
8.536443221619334498e-02
9.627097427880383640e-02
1.142748552814155244e-01
9.809833484086377675e-02
1.064049461413560382e-01
7.900336624784795592e-02
8.589399537258519957e-02
1.076856592491989700e-01
1.161799395114827410e-01
8.732994971040050625e-02
1.042290706534198114e-01
1.315566082748892973e-01
8.547372485344964521e-02
1.528099857581690368e-01
1.022455436189736999e-01
2.150545309013268402e-01
1.169264246726007539e-01
1.849842269142924767e-01
2.222845725575333942e-01
1.807495879482565737e-01
2.274035179486227076e-01
2.830487330126628120e-01
3.513539641475224018e-01
4.347065352438581609e-01
5.330170066474819723e-01
4.988667645940069728e-01
9.265241467124052388e-01
8.379400110711914262e-01
1.140541197479484792e+00
1.511455195505349236e+00
1.959779262935289923e+00
2.214003696837918422e+00
3.212555786402089719e+00
3.617547674511809586e+00
4.763299630326076617e+00
5.504319776900998384e+00
7.460296429065548018e+00
9.831831723189043970e+00
1.421691777019687386e+01
