inf
inf
inf
inf
inf
inf
inf
inf
inf
inf
inf
inf
1.358207984531033974e+00
inf
inf
9.787785430843527479e-01
inf
inf
9.184061089985863235e-01
inf
9.971029647703305576e-01
1.194702133044501791e+00
inf
1.510929959958568602e+00
1.958268785870991069e+00
2.524397020231857081e+00
3.211564207695798423e+00
4.038266885523470684e+00
5.004185226234534767e+00
4.737620757822067930e+00
8.927980218082362640e+00
8.091472377117442605e+00
1.108294351809663247e+01
1.475265408757381991e+01
1.917555103403110195e+01
2.099284220858491423e+01
3.399243605076183172e+01
3.550159505458164944e+01
4.214169620934100635e+01
6.534613571770844942e+01
7.344931661967508774e+01
8.918041585527642212e+01
1.216925541009907619e+02
1.612743698197076867e+02
1.946797175388927030e+02
3.029558340367795495e+02
