4.883665183079986538e-01
4.574236787290104078e-01
2.963002852283493360e-01
5.092342378507098699e-01
5.064650704121623770e-01
1.364803739890709799e+00
inf
4.973957817498413925e-01
6.996081865289340840e-01
1.905726463425851280e+00
3.284067839792234267e+00
1.002636906181035625e+00
1.433087516823650098e+00
5.975150929655637988e+00
1.289837315461113354e+00
4.705300666140026067e+00
2.532497988740970651e+00
2.497750674924548608e+00
2.564949427845169438e+00
9.781460750938295590e+00
3.479369232274378554e+00
4.862203841762121392e+00
4.814330906266499710e+01
6.408709666231900748e+00
8.365680438718667844e+00
1.075030844982193123e+01
1.058618461995081184e+01
2.062399043985665514e+01
2.518330010163892752e+01
2.315974066587422442e+01
3.224117951510618951e+01
4.353597273868776085e+01
5.705355811363958196e+01
7.348992728850573997e+01
8.024032164283806878e+01
1.247260967053245082e+02
1.320144491487744176e+02
1.551654230213201799e+02
2.139458676522594374e+02
2.851446302038726230e+02
3.718178553916139890e+02
4.348918868778013120e+02
5.354537813237892578e+02
7.219023907234781063e+02
9.472166022353038670e+02
1.307033795231584236e+03
