inf
inf
inf
inf
inf
inf
inf
inf
inf
inf
inf
2.133203191534614795e+00
inf
inf
1.822509243826329506e+00
inf
2.309467661713044517e+00
inf
3.221129683879429884e+00
4.753822844288024818e+00
1.502250977640716734e+01
6.420987609790461903e+00
8.935710995935199463e+00
1.210367643732852549e+01
1.596971579400181440e+01
2.056776507352737227e+01
2.599081944403320676e+01
2.505231539544714892e+01
4.778270302491434762e+01
4.377765016893268779e+01
6.046022485101224930e+01
8.082819050876540246e+01
1.054257784522169175e+02
1.346010399838229148e+02
1.445454922710299854e+02
1.961674661499311298e+02
2.588174497539348522e+02
2.994395273886595987e+02
4.061783260000569271e+02
5.356578017984650160e+02
6.340858047133571063e+02
8.445348270644653894e+02
1.024178901385434756e+03
1.361596296800275013e+03
1.665409211286425261e+03
2.754860770485376634e+03
