inf
inf
inf
8.145796075386425861e-02
2.370387925503606927e-02
5.584408796253755025e-02
3.367112584301319711e-02
3.542229235971540435e-02
4.850461087091798018e-02
9.266178481715171833e-02
7.405675676352231618e-02
4.356978425227868434e-02
5.759774288506065015e-02
7.124167787131376051e-02
9.560781505313914463e-02
7.796707907833597129e-02
9.812532282317140697e-02
1.682249024805984317e-01
1.054515782038992350e-01
1.692942083562176681e-01
1.572381707080041380e-01
2.159143412306425425e-01
1.759328911164499687e-01
5.610582658331730865e-01
2.257272860637244138e-01
2.864525635591478325e-01
3.712984628766379802e-01
4.772353513542689218e-01
5.207552527290801869e-01
6.404128358440952518e-01
8.396321408312097390e-01
1.019288155355702941e+00
9.366784564215983044e-01
1.707121996961367349e+00
1.519712649872902555e+00
2.031407390534076374e+00
2.653320186809202674e+00
2.923979756758726012e+00
4.760448248179379505e+00
5.005952860649450109e+00
6.641739846853655926e+00
7.720659655052137360e+00
1.053104095223511649e+01
1.395930756307800458e+01
1.661133266306224954e+01
2.725566179217901563e+01
