inf
inf
inf
5.314245989140314354e-03
5.171031128475661078e-03
8.633798397487207898e-03
7.474097465725423363e-03
1.029802421058363844e-02
1.859777649234601801e-02
2.937342176729640722e-02
1.660840848896820085e-02
2.270773088857937563e-02
3.865713635354590255e-02
8.044264122190493416e-02
4.131564451523690035e-02
5.684816790481874577e-02
2.039580170385723590e-01
7.268293957949538420e-02
1.452267300023848684e-01
1.605224108867260580e-01
1.676662404476321200e-01
1.968874354820649986e-01
4.388052883294615847e-01
2.701777913584338386e-01
3.807951576479752243e-01
1.997416849444320741e+00
5.114218505023324646e-01
6.747973533398025081e-01
8.660598442567910560e-01
8.548713026761035616e-01
1.659119145506063431e+00
2.019404769445717562e+00
1.849437685442360202e+00
2.561308973770903386e+00
3.442789818381633005e+00
4.507125300174914528e+00
5.785246008425695585e+00
6.251064140783548773e+00
8.551322139429927915e+00
1.132251912877787881e+01
1.469349243836253827e+01
1.670400805368304020e+01
2.228683747705634488e+01
2.679588652585285757e+01
3.572312834703512152e+01
5.757546522874878292e+01
