inf
inf
inf
inf
inf
2.085833600699980472e+00
inf
inf
inf
2.469766786123866353e+00
inf
inf
3.676859467995320152e+00
inf
inf
5.896767067034035747e+00
inf
9.276253160971673850e+00
1.405826829673390144e+01
inf
2.070156119608768464e+01
2.931120894881685857e+01
4.005992470815604634e+01
5.316411406902733461e+01
6.886958461339831672e+01
8.742435647255236120e+01
8.459592114331873347e+01
1.625325295011190860e+02
1.489882929500488160e+02
2.063169805175463978e+02
2.767180830562420510e+02
3.615378153721947001e+02
3.974022268525124559e+02
6.454336307748449144e+02
6.753204514244871461e+02
8.029626587983295849e+02
1.246437277713462436e+03
1.401978730161461499e+03
1.703606144247046814e+03
2.325814824512579435e+03
3.083177631787455994e+03
3.722480412120461551e+03
4.928287289350944775e+03
6.005942001834073380e+03
7.500273622561614502e+03
1.200971030923650869e+04
