inf
inf
inf
inf
inf
inf
inf
inf
inf
inf
inf
inf
5.623096179465243184e-03
inf
inf
inf
9.036106009771024614e-03
1.107963666595863407e-02
inf
1.547640321939238416e-02
1.826598287281162511e-02
inf
1.942847111125251339e-02
1.169160429428041936e-01
3.204892131666645799e-02
4.977500420090531091e-02
1.549946938021894427e-01
6.955170980177143025e-02
9.800969095067725567e-02
1.334112955868961004e-01
1.764616095967868337e-01
2.279724908462091859e-01
2.282540801377294370e-01
4.230314396007313071e-01
4.164425732062648766e-01
7.288736816035050747e-01
6.786690559360006869e-01
9.094446758912663187e-01
1.036884585915668788e+00
1.652419768062380889e+00
1.813023200742609031e+00
2.437107314356217636e+00
3.191185181697896667e+00
3.666366255602334867e+00
4.937735566572653667e+00
8.618690403260449884e+00
