4.612330086951196506e+00
6.729235883902939364e+00
7.162370413116621037e+00
6.782204933196792851e+00
9.198595523067991664e+00
9.238567348271754298e+00
8.582091636832396730e+00
1.511767432347437179e+01
1.446042906700420794e+01
1.398087162436114994e+01
1.702430555241019405e+01
1.631110531151950482e+01
1.683208185330588691e+01
1.840723001012989712e+01
1.956431179594718728e+01
2.202595673485283356e+01
1.986794121926452661e+01
2.336055758605170141e+01
2.374301172698762841e+01
2.572560309943918355e+01
2.458533741982768106e+01
2.541548129951289070e+01
2.648964445324994799e+01
2.575240624523284794e+01
2.576918829258470112e+01
2.576732765253132484e+01
2.571644479228706714e+01
2.595767811425518445e+01
2.574537678613554093e+01
2.619391152886491270e+01
2.558413239154323193e+01
2.523470617879066324e+01
2.505305193496108629e+01
2.443488714248397997e+01
2.383696786507422516e+01
2.338540895143426823e+01
2.288117889710541064e+01
2.266182545592704756e+01
2.290966519493446896e+01
2.399466184644490596e+01
2.511999917074885857e+01
2.464619029217211477e+01
2.608879329115107737e+01
2.933701322137068956e+01
3.285242370622680852e+01
4.049056706556291374e+01
