5.110668750102016489e-01
7.760289201256572733e-01
1.070742175616578029e+00
1.220191207136903211e+00
1.100440224408363976e+00
1.202893134701036981e+00
2.093865438448983429e+00
2.068317592601197852e+00
2.660297629572394129e+00
3.169497298091873638e+00
3.379998474473465908e+00
3.102857061250152704e+00
3.477895190784428436e+00
5.313909459649208245e+00
4.826078667601239935e+00
5.191669092722315249e+00
6.206849893407640373e+00
6.871525498346640504e+00
7.137536458798322769e+00
7.864536379425664414e+00
8.000333525775392474e+00
8.185673024380616170e+00
8.906797417526554739e+00
9.399928949054874749e+00
9.554089109362072563e+00
9.383763007922089727e+00
9.366408377662233775e+00
9.895130254486755206e+00
9.515541976993237228e+00
9.716676453451087880e+00
9.657102157208804272e+00
9.856286766321481707e+00
9.903258580889042761e+00
1.006883276966418528e+01
1.022417946292477708e+01
1.052231649081870479e+01
1.101452077470749913e+01
1.169130368975321232e+01
1.274773627120447550e+01
1.443563486603924950e+01
1.644316010293625396e+01
1.812225248574976533e+01
2.086642743695565017e+01
2.503672793236004068e+01
2.941907718648835512e+01
3.617036163436638674e+01
