5.545448217307805683e-01
8.940816599801284514e-01
1.121011116061509938e+00
1.089470659764459892e+00
9.702200268232521463e-01
1.831659504165347618e+00
2.448076249535228843e+00
2.179404749082164638e+00
3.094081005842618470e+00
3.518836794224476261e+00
3.568045326083269408e+00
4.463502602347283243e+00
4.664489384939715322e+00
5.187758499259891742e+00
6.836205284896672119e+00
6.468817474016765878e+00
6.378248003089108664e+00
6.361473830588461276e+00
5.959001202399435648e+00
5.921075657079021504e+00
6.278149226665508564e+00
6.167044841749667050e+00
6.226373677728783917e+00
6.099782356159032304e+00
5.940116770659869871e+00
6.033014049131593559e+00
5.889418332552772917e+00
5.889070859356471566e+00
5.744419206405416922e+00
5.604531469441299762e+00
5.603983577566411967e+00
5.572317980039972696e+00
5.567740545729809476e+00
5.572835936489551223e+00
5.585627060984777792e+00
5.680716149429554385e+00
5.875679015416610085e+00
6.149330601704564359e+00
6.657505037998923569e+00
7.544277836111887403e+00
8.524866574627507632e+00
9.512875099277509960e+00
1.112577726685575286e+01
1.334239927136156822e+01
1.605117900280677645e+01
1.995045330289304175e+01
