1.262877231322004334e+01
1.366935827479055021e+01
7.557368118677680435e+00
1.705061181194386322e+01
1.215573934642099729e+01
2.289968152752618735e+01
1.769966221336292023e+01
1.709368369297237678e+01
2.940343398029486011e+01
3.285946828478824955e+01
3.106195118737269922e+01
3.778844917295875661e+01
4.022188738557504450e+01
3.741039510353785147e+01
4.653683252528572467e+01
4.942539466316685548e+01
5.117755685380944897e+01
5.205931845878397723e+01
5.280785741171702341e+01
5.504431666622880925e+01
5.817012398874850732e+01
6.509845640117812593e+01
6.913857648969265313e+01
7.027759177554533210e+01
7.382367704674484798e+01
7.717611435509422790e+01
7.966140011396937837e+01
8.353017043118320828e+01
8.729737191878946589e+01
9.201060695381265475e+01
9.565629369073170096e+01
1.009094472328790175e+02
1.063313557190058845e+02
1.120452303300352384e+02
1.187734905932195488e+02
1.268056546410039402e+02
1.359899149854843472e+02
1.479141417542344357e+02
1.628556641749643461e+02
1.846077775692795626e+02
2.039319397081558805e+02
2.019994764661970805e+02
2.122388463974562853e+02
2.358660722942212544e+02
2.544072629310598757e+02
2.962393360658821848e+02
