6.502806648149161539e+00
1.619488641946733409e+01
1.183360592743659545e+01
1.531246075052257005e+01
2.204541174206877940e+01
5.100812114279682419e+01
3.120110231987450078e+01
3.357869406004362389e+01
3.577513403699899897e+01
3.199927098196293684e+01
4.203957413137079158e+01
4.818690197459262947e+01
4.418858632963148381e+01
4.507328964628965196e+01
5.556464483093229489e+01
5.524704308441693712e+01
5.319134429437826128e+01
6.496222545665823134e+01
5.929442606213337541e+01
6.691409749198892598e+01
6.672847189149307212e+01
6.765861032696309962e+01
7.078073487076783010e+01
7.192500743210966618e+01
7.356778935148966525e+01
7.394293266169745493e+01
7.540748273903112420e+01
7.729578893561219388e+01
7.571103399516876209e+01
7.745033632231302079e+01
7.900631294975605101e+01
7.838713533999613503e+01
7.859570653896734882e+01
7.880193801262197439e+01
7.870260765805210212e+01
8.009433804307876414e+01
8.172133836903520887e+01
8.435433822828881034e+01
8.907467119761282959e+01
9.745155677202251354e+01
1.037530675507764073e+02
9.915578695233828910e+01
1.015258591039904985e+02
1.112551681099478742e+02
1.181625146934810147e+02
1.339840219633160245e+02
