5.631552090265296018e-01
1.034238720495185060e+00
1.346095766386620429e+00
1.093189613837257435e+00
4.470299349616046469e-01
1.366394273681375893e+00
1.029126622713531836e+00
8.795552285027131711e-01
1.581719350902842880e+00
3.068169578111298534e+00
2.947542314267514563e+00
2.229707270816706277e+00
3.054998883443245994e+00
3.423460136036656110e+00
3.869907023290777737e+00
4.219570834051473263e+00
5.418270048092596269e+00
6.018060421189053599e+00
6.100362453160750320e+00
6.847178287032024357e+00
7.423841721071791966e+00
7.887790996097744589e+00
8.161191414962928548e+00
8.796222050159897776e+00
9.290084871231281127e+00
9.518187338920984786e+00
1.012366615469529663e+01
1.011220835230067117e+01
1.041799955330652416e+01
1.057690490831289232e+01
1.077958378228679237e+01
1.117607015236543155e+01
1.145105907705818282e+01
1.163788844591173977e+01
1.201120642629484436e+01
1.248298584055389071e+01
1.315049966320226282e+01
1.413171146183050020e+01
1.552412866391483526e+01
1.764467801509496425e+01
1.996210390332641538e+01
2.183733382605798212e+01
2.488761243841911508e+01
2.962468448146498901e+01
3.509412568920328113e+01
4.422844763746432761e+01
