2.290577875604861771e-02
5.658938451403519587e-02
9.760021981452259021e-02
1.020781118127166986e-01
7.473614987247914621e-02
1.701137000440857971e-01
1.088560937029815212e-01
1.290996841574568177e-01
3.730283069611337043e-01
4.572342537391314576e-01
4.445065951897259060e-01
6.051094870683981775e-01
7.981802962616700858e-01
8.431580709465743562e-01
1.001403786758748415e+00
1.507878051094416749e+00
1.664516692184293323e+00
1.920082132393165164e+00
2.329434521365874033e+00
2.974587587831460933e+00
3.553736070740915132e+00
4.020007455988517719e+00
4.847438294911355250e+00
5.704541910665360760e+00
6.361692730058140732e+00
7.226107719783751548e+00
8.295812116593504371e+00
9.219527599343781077e+00
1.008102266114281953e+01
1.122855671577836389e+01
1.205562282730514134e+01
1.319646463477045728e+01
1.412692180618189397e+01
1.507819541569082133e+01
1.633150326468911473e+01
1.759708321176920265e+01
1.912082703448331245e+01
2.109283242061759722e+01
2.356043834904173906e+01
2.729027250177141539e+01
3.102658431460487876e+01
3.326451977251305436e+01
3.767875101714760433e+01
4.411520779599720754e+01
5.144720990549814132e+01
6.257039468746924626e+01
