9.187445963826247619e-02
1.856230663268204906e-01
2.866804318917260952e-01
2.886421926344151512e-01
1.834816610681441751e-01
3.068907250478483117e-01
1.752663569248587294e-01
2.656767309695917678e-01
3.209680120212730081e-01
5.544038661545470648e-01
7.861460678218452625e-01
7.422570493294708971e-01
7.187133226879061088e-01
9.752498816594210584e-01
1.481986019444874403e+00
1.443247095286747328e+00
1.389453909420044431e+00
2.089200158057939571e+00
2.373015891403222444e+00
2.787706912241562751e+00
3.273816927017545009e+00
3.822921103049772285e+00
4.465573689410955893e+00
5.259518468764157184e+00
6.223439775776623328e+00
7.046043136494535730e+00
7.934264699307729707e+00
9.139424780953248728e+00
1.009081908917169912e+01
1.131596472113257867e+01
1.255312222324923610e+01
1.387911399109658639e+01
1.502023537306172152e+01
1.629674528947132472e+01
1.773159298097770886e+01
1.909259054404314071e+01
2.080364520101967685e+01
2.318418339117619098e+01
2.599559969011946947e+01
2.997771119698016307e+01
3.419813472427932055e+01
3.670679761096622684e+01
4.145623770594774982e+01
4.891063806340788744e+01
5.660484190046241082e+01
7.059116871196002307e+01
