2.545828405023778940e-01
5.952589043600464702e-01
9.389293036505487189e-01
8.867269897119354205e-01
3.922239307896010496e-01
8.907197430447408859e-01
1.115957220148491080e+00
1.033893798035523615e+00
5.834715635101627162e-01
8.908844235602386696e-01
1.736538919862941288e+00
1.606875349510763495e+00
1.248718178779683052e+00
1.664457708344383002e+00
1.960961299812051584e+00
2.214435129203923491e+00
2.688450814661093702e+00
2.898051118016313321e+00
3.014646548638018064e+00
3.439431514923523281e+00
3.837844088494426487e+00
4.464415737220723379e+00
4.940128105881299803e+00
5.246032447685288425e+00
6.037200033029832547e+00
6.914902998383955612e+00
7.597395253182994246e+00
8.542380796776869900e+00
9.343376612413393900e+00
1.066859330304442821e+01
1.160151460815667690e+01
1.289257319375913724e+01
1.392206739792042569e+01
1.546901202207572723e+01
1.691318438669250668e+01
1.839817964727295418e+01
2.034370751469607796e+01
2.249408083588779306e+01
2.521604961109192189e+01
2.924861508090804563e+01
3.313048478348761705e+01
3.544689651919593842e+01
3.996863717830448337e+01
4.714695567950749933e+01
5.512894018644709604e+01
6.790298165778624195e+01
