1.269252956789526099e-01
2.511713601007018459e-01
3.737719077682667423e-01
3.117808300150210488e-01
9.685505819777893988e-02
4.581888876249415321e-01
4.009559781168801074e-01
2.292967564297260785e-01
2.725504390744770133e-01
3.182143622107144743e-01
3.464744249190286340e-01
4.025179837023936669e-01
4.194553812448363339e-01
4.243206276623043838e-01
4.745595285914264716e-01
4.831284551231628810e-01
3.964851435100643084e-01
5.250195149973237996e-01
4.815863168425226215e-01
4.322892270114948032e-01
4.103786314106442901e-01
3.870030122444438891e-01
3.865273402237755507e-01
3.921944161528843065e-01
3.614091128022606236e-01
3.465938980518283308e-01
3.626578094024803800e-01
3.422589016755669400e-01
3.320977345864507546e-01
3.208829106392716013e-01
3.046801757662148114e-01
2.939164392071439980e-01
2.955380984339411876e-01
2.928974419581827915e-01
2.941316999446668135e-01
2.968306224751637301e-01
3.069651273496319943e-01
3.227842494320704581e-01
3.483689214965943193e-01
3.926627328799298100e-01
4.437627558140685990e-01
5.075839488814309908e-01
6.090609616337838705e-01
7.502244036197974753e-01
9.217166879923641698e-01
1.165287188023490073e+00
