2.689378497373600130e-01
-6.844999609841970201e-02
-7.348836896646965267e-02
6.457733582957397855e-01
1.963713449826312463e+00
1.961883053800266952e+00
1.932779052849161960e+00
2.502863381247366625e+00
3.447965480633623514e+00
3.983156246292932412e+00
3.703624352178687573e+00
4.139103919226672090e+00
5.114992955295203814e+00
5.527796753113069173e+00
6.157823413950530345e+00
5.865637468577315161e+00
6.689123501225145318e+00
8.207965916463310307e+00
7.810780383818842765e+00
7.477297495214943801e+00
7.368538167799957073e+00
7.791276176311045631e+00
8.127473973155073139e+00
8.171150423380726835e+00
8.226631826129969127e+00
8.136430462682767484e+00
8.034942726654954015e+00
8.066339859663687051e+00
7.953536589767289833e+00
7.851542580120502990e+00
7.795055539559635704e+00
7.820581990019377372e+00
7.888579843496934529e+00
7.771945668976461441e+00
7.922628208215687806e+00
8.124051081891323633e+00
8.419600002761105983e+00
8.967809892999664356e+00
9.741099373941741746e+00
1.099231787195036780e+01
1.252027087455566168e+01
1.393613450260285092e+01
1.615811519054038570e+01
1.947856104130385546e+01
2.307889672470798104e+01
2.914054975180334495e+01
