6.975980574494240471e-01
1.304929837988611840e+00
1.846634206716655457e+00
1.864586411045206171e+00
1.361423424043616492e+00
1.925129476231681513e+00
1.512297415944299672e+00
1.820276703298479903e+00
1.855830589339946046e+00
2.989028401249574696e+00
4.669807079849018550e+00
4.501039126331788154e+00
3.881077464825381185e+00
4.626457791621789717e+00
5.585298560632723230e+00
5.142604306866545905e+00
4.952649619703117345e+00
6.321641030660680727e+00
6.046116019969347555e+00
6.109326272613489373e+00
6.336634548012939128e+00
7.047898078889422990e+00
7.849839553959679250e+00
8.026779603186671608e+00
8.170799268966629114e+00
8.783061511216072148e+00
9.390098008434000221e+00
9.903182253090863085e+00
1.071797201069860428e+01
1.148874254632241509e+01
1.206184819482955817e+01
1.305209417944396577e+01
1.410371527367106026e+01
1.503299734721671577e+01
1.609637941742434109e+01
1.739187853486442137e+01
1.890662337222772393e+01
2.065791535951357716e+01
2.267860540472078412e+01
2.589954873781701394e+01
2.916364889465915766e+01
3.062898260539478912e+01
3.454786508333177864e+01
4.032896910495799148e+01
4.670197229821458507e+01
5.712593062705671798e+01
