1.178861285121541203e+00
4.258623207731457860e+00
4.430019351355315216e+00
3.195168022777691963e+00
3.570383837090852719e+00
4.475987896151803369e+00
3.436228215697223476e+00
3.740585740732012887e+00
4.019561781182755311e+00
5.677239328285327069e+00
7.899228213865268522e+00
7.835633941705507866e+00
7.064426277871723947e+00
7.942496411848841475e+00
1.030369650861627839e+01
1.134623716090306544e+01
1.290045369949870135e+01
1.532287707973677193e+01
1.646969460720683642e+01
1.793798824773567091e+01
1.989945656521381068e+01
2.359074217083043479e+01
2.645333555786653790e+01
2.933169012884468074e+01
3.361551179063224737e+01
3.748240486903407742e+01
4.202339728667539021e+01
4.786913889523484045e+01
5.334557423417827238e+01
6.003604512843565288e+01
6.774109775164544089e+01
7.601387398240251514e+01
8.602501257602543205e+01
9.633271048383835478e+01
1.083000685914488201e+02
1.216038088498206378e+02
1.375209843260307423e+02
1.555980205561759817e+02
1.766601119663212955e+02
2.077188677695116894e+02
2.356237642250292481e+02
2.442848391802542949e+02
2.700504412991290906e+02
3.093691956284590105e+02
3.423766415452550405e+02
4.049501406069942959e+02
