2.920417044420447472e-01
2.603600001256740626e-01
4.087729471205027720e-01
7.540397604105907314e-01
8.365761855800900593e-01
5.893515394749294645e-01
1.007247028416166312e+00
8.396611280478620820e-01
1.040729834172295254e+00
1.245363431019119504e+00
1.579583072043898362e+00
1.920258411311553504e+00
1.691130988366462251e+00
1.895196167539414889e+00
2.115469330704255135e+00
2.242704548997191960e+00
2.385595836947529857e+00
2.947341525202987533e+00
3.102303035855587865e+00
3.119223573551999529e+00
3.634703996716440066e+00
4.336233130196299967e+00
4.470772490482566752e+00
4.810458515502451071e+00
5.457984671621394668e+00
5.957938056707484442e+00
6.699631413320020101e+00
7.479365978108667434e+00
8.407323335423553701e+00
9.179208762690160839e+00
1.034780378823328562e+01
1.162489569505605225e+01
1.292350869516464584e+01
1.424831503517346754e+01
1.594138017983774880e+01
1.797782091275069405e+01
2.031121454152490813e+01
2.298030709836153918e+01
2.646952602449176695e+01
3.147993123898741175e+01
3.676944340008491707e+01
4.136346937091033027e+01
4.870050441159320087e+01
5.902397241002903172e+01
7.050111650215542625e+01
8.743403740288046322e+01
