1.115677233342344365e+00
2.218136542080994644e+00
4.523777782079574372e+00
5.398584448468274566e+00
3.605439130946137105e+00
7.339122791481720753e+00
5.385432026879309220e+00
5.581703793567826644e+00
6.476531102015695041e+00
6.476586386383560878e+00
6.686223582466534587e+00
8.363741593366821547e+00
1.035681220893162191e+01
9.420629639685492052e+00
9.592900032964776003e+00
9.928999987482082901e+00
1.118976621516827130e+01
1.402722183290091351e+01
1.254781655917329886e+01
1.215219803999815262e+01
1.208570145000920881e+01
1.271775800660172351e+01
1.362881340919579820e+01
1.427400055957673608e+01
1.462301004057120224e+01
1.478248445927584775e+01
1.525563581367966393e+01
1.534837412094156939e+01
1.558664306879152761e+01
1.623041785988409202e+01
1.626655832271413260e+01
1.677217475766815014e+01
1.708474125294258528e+01
1.782889003969605568e+01
1.854756482733054668e+01
1.886647932647282389e+01
1.957990614959525288e+01
2.068571991704829927e+01
2.198902248022797679e+01
2.432630567081653794e+01
2.665435287007032272e+01
2.760918634971138630e+01
3.064609566478628011e+01
3.586256330694906325e+01
4.150362237806781707e+01
4.969003769906000656e+01
