3.494803125800289401e+00
7.819854110774499212e+00
2.848824214397093435e+00
4.247308624467791560e+00
6.877228849438996150e+00
6.499183364946905073e+00
8.573629145038538013e+00
5.499795489585214803e+00
5.648063936121918260e+00
8.885743135285622429e+00
7.811225060244013640e+00
6.890999961461678147e+00
8.723162311993096552e+00
8.855556126537472039e+00
8.938084646385846099e+00
1.005810044073670007e+01
1.003548412832586401e+01
1.245187348646033065e+01
1.161922109993597729e+01
1.243064608932878734e+01
1.292574756829699290e+01
1.383448062789400446e+01
1.476925256212174631e+01
1.564504448088972133e+01
1.688545148743179780e+01
1.843222302330040563e+01
2.018429111357261974e+01
2.135499985699783210e+01
2.302711769692974997e+01
2.507060019044141796e+01
2.717385876645660048e+01
2.982096301277763217e+01
3.191315326716254930e+01
3.483966316303481392e+01
3.796732926586491175e+01
4.182977803487670343e+01
4.648988501929563455e+01
5.191209728559844194e+01
5.886529123767881089e+01
6.913017724828652888e+01
8.002158312778085758e+01
8.755807764927220660e+01
1.016055684895868154e+02
1.229767012154559040e+02
1.480706447249735334e+02
1.894451910221515902e+02
