6.756948908707151036e-01
7.932014959997202297e-01
7.826302821206142513e-01
9.568173691042264339e-01
1.442468879623921341e+00
1.501630674816345046e+00
2.035007869203134589e+00
2.385864612743957114e+00
2.515979328428130657e+00
3.386562081325920737e+00
3.687161201142775013e+00
3.420163079655357485e+00
3.498926369597846087e+00
3.462265187838756919e+00
3.595616999374291911e+00
3.449754610731360138e+00
4.247898961656098926e+00
4.379940628224458621e+00
4.305617015523347746e+00
4.577750368255839142e+00
4.721906964249757976e+00
4.389452976279409668e+00
4.112721505417578527e+00
4.218539938548690138e+00
4.247057736030483532e+00
4.010016811931866876e+00
3.843464142660589999e+00
3.782681600617085138e+00
3.728873948646731051e+00
3.720278941275704909e+00
3.658184807795007654e+00
3.588869239749039153e+00
3.523154753305410836e+00
3.498890880048139529e+00
3.470312867170327387e+00
3.496516111152097928e+00
3.606168406837539475e+00
3.766130455007629330e+00
4.062089101919885259e+00
4.573253560690440978e+00
5.160081770517690458e+00
5.800927413607436911e+00
6.815400206459462318e+00
8.241232850518628084e+00
9.993855749941770839e+00
1.257536562890702392e+01
