9.822648824905376941e+00
2.000471989736366396e+01
2.238771933069262943e+01
1.011865657167638943e+01
1.084390118509832135e+01
1.765607288442821954e+01
1.795153168046036285e+01
2.160152085057850613e+01
2.461435006363059586e+01
2.999016377743867068e+01
3.506528092945271879e+01
4.036316847183383771e+01
4.286228984677720888e+01
3.646718651451184456e+01
3.846579162450689182e+01
4.400844323127564905e+01
4.581539216438385864e+01
4.697657717082802264e+01
4.402114974303090378e+01
4.804498610120341340e+01
4.523638990638900736e+01
4.733551631252706926e+01
5.032079937155392457e+01
4.957414082750452877e+01
5.069516827795997926e+01
5.109752743472237313e+01
5.023259390856532747e+01
5.040068371163189198e+01
4.882160143910707006e+01
4.856277445477287102e+01
4.742155695754117062e+01
4.783386556587000626e+01
4.646944049019586487e+01
4.541735238258172558e+01
4.441620452529639351e+01
4.322260015050259341e+01
4.242657758257892908e+01
4.214112221343169296e+01
4.242725060146517535e+01
4.473686271836248807e+01
4.624979825222985141e+01
4.306080081813760074e+01
4.340168659159890296e+01
4.677458492201051854e+01
5.050552499692030040e+01
5.999346107480335633e+01
