6.124168445633254798e+00
6.280464027766152757e-01
8.644969578769395868e-01
3.530163397126194091e+00
2.453840094546538175e+00
3.579294081409190476e+00
6.819420125309929581e+00
7.594659966482367075e+00
6.223786988908440954e+00
6.041064598634858562e+00
7.028080646078195493e+00
9.494692728761622291e+00
1.011338205119032452e+01
8.171942051417810049e+00
1.022086654574679443e+01
9.584415918587868788e+00
1.020977898199502043e+01
1.012853311117480892e+01
1.043783273226184249e+01
1.143977668380694723e+01
1.144435349033973459e+01
1.235143839528445220e+01
1.363855398243323691e+01
1.468585826609852241e+01
1.637987577208844669e+01
1.843349165966036907e+01
2.066604491669278332e+01
2.316336662452879125e+01
2.595578660777692903e+01
3.014030969421375872e+01
3.424949464368461349e+01
3.927890763621312686e+01
4.566235444794227050e+01
5.126598061301877607e+01
5.896942995201750648e+01
6.785916096544701759e+01
7.731253968152272193e+01
8.960122372334086549e+01
1.052170283031306468e+02
1.256215953225166118e+02
1.461369779228261905e+02
1.600368417707089463e+02
1.845635481567727822e+02
2.178142994533939714e+02
2.519750367787496828e+02
3.062574647418068139e+02
