2.656688691193286045e-02
3.970364901462026391e-02
4.771779026592259249e-02
4.328283664433709571e-02
3.275223337420942599e-02
5.736501911163918721e-02
5.359217986028173147e-02
6.952665240705629968e-02
5.440883830346644745e-02
5.137138456893720895e-02
6.489338647510486946e-02
7.067390311223069321e-02
8.404833588331246663e-02
8.789344547420198384e-02
9.196447049052665357e-02
8.240827281293573725e-02
6.803502486402597527e-02
6.834153544606463848e-02
6.827583700580211468e-02
7.059276638456005171e-02
7.113667309355921342e-02
6.804304498173184557e-02
6.443635056489971369e-02
6.106538043116008924e-02
5.852341479943864999e-02
5.658757780153948064e-02
5.483108638209695240e-02
5.534153992237023090e-02
5.630778072614912172e-02
5.446728402127349461e-02
5.206429688800196659e-02
4.939811573740093831e-02
4.815184098811736008e-02
4.880510049551409213e-02
4.883388540093444585e-02
5.081808903960575302e-02
5.404634688498750200e-02
5.635230161514842573e-02
6.055157682831598109e-02
6.946761885589888830e-02
7.907259240231979958e-02
8.950323411424222775e-02
1.107020102547130458e-01
1.371359250360129345e-01
1.691703829534216830e-01
2.136267821008074885e-01
