4.580988931909401596e-01
8.530355612241166119e-01
1.533587553983395191e+00
1.720731340385018182e+00
1.172141758643854281e+00
1.890032756208142484e+00
1.276679625767652260e+00
1.589448642616396068e+00
1.913771377017116304e+00
1.766488902781385928e+00
1.721616373139770451e+00
1.649966560625921286e+00
1.683530915372345005e+00
1.981731726251299008e+00
2.086364320067406020e+00
1.687820161864406865e+00
2.174818854095874610e+00
2.019871348944052070e+00
1.866674619221815989e+00
1.868409515511387564e+00
1.896914142725925734e+00
1.832460277270188120e+00
1.726457084189433777e+00
1.685109948156947368e+00
1.721794985105264741e+00
1.713401362122072058e+00
1.631094904718764393e+00
1.575499627868252706e+00
1.511459192746641644e+00
1.485229620037985088e+00
1.450635747037407164e+00
1.395261083080431064e+00
1.397006705845034613e+00
1.383722186422298828e+00
1.376305431000890866e+00
1.385250336206594213e+00
1.428607192458835939e+00
1.492484618994547318e+00
1.604460647607961032e+00
1.816610374467913180e+00
2.057639873100685968e+00
2.300625498454178075e+00
2.689592828846680828e+00
3.272331737468276547e+00
3.980671822379700853e+00
5.046913552408404335e+00
