7.729404382282155372e-02
1.821598782334315492e-01
3.382420106815221539e-01
3.887468052736422486e-01
2.562083585468115654e-01
3.621615325470239344e-01
6.526645794533905143e-01
6.181258102742556160e-01
6.628871735180735802e-01
9.364486688294575423e-01
1.026224502456337007e+00
9.122086369001728423e-01
1.255079901781606333e+00
2.095235731932252765e+00
2.400156693890919790e+00
2.315361536065894565e+00
2.973705881582564103e+00
3.805272149091163847e+00
3.527649213226852432e+00
4.311856632234248643e+00
5.238383403648700920e+00
6.273762798936291851e+00
6.897075754450702867e+00
7.538143400988958298e+00
8.401500391771863363e+00
9.386365296765177391e+00
1.052178146701641737e+01
1.095973748199250331e+01
1.140741816398974073e+01
1.239478876769445925e+01
1.309040898438312084e+01
1.401163819447145897e+01
1.459718068557432247e+01
1.525061799758748826e+01
1.608983835190814915e+01
1.721665861070496817e+01
1.845472801309061950e+01
2.003788609113428976e+01
2.219420906262575599e+01
2.545197727259507658e+01
2.893698139408953551e+01
3.116076078689587447e+01
3.548360248568984332e+01
4.171208836899201344e+01
4.831122708324559767e+01
5.879813634893861973e+01
