1.949996644738510310e-01
7.647239464824900912e-02
-4.057007654563869747e-02
1.397843674498628896e-01
5.817875952683037033e-01
3.326442602357457812e-01
1.440460767664924813e+00
9.956626471259429900e-01
1.116661668299012700e+00
1.256751215644106079e+00
1.544697450939011008e+00
2.451428271299945116e+00
2.699589758641763204e+00
2.888644968450598149e+00
3.206008622753457438e+00
3.588682381738772076e+00
3.897021788261719077e+00
5.490052785213805464e+00
5.337041707538149105e+00
6.360747463708656291e+00
6.958869418044910660e+00
7.838068292115204727e+00
8.652501024586461753e+00
9.433321962999324128e+00
1.023965628779547821e+01
1.051167959725226986e+01
1.110800628008256652e+01
1.195128795003181210e+01
1.203733927529433778e+01
1.242689151952612114e+01
1.277877425099547004e+01
1.347496653530269306e+01
1.368154377633090846e+01
1.419534617249404818e+01
1.488020720230757021e+01
1.560542122634391227e+01
1.644020177552441808e+01
1.775749040501331422e+01
1.959423105303123691e+01
2.222718189655600085e+01
2.527835777404935058e+01
2.755877222967152207e+01
3.134209038250221369e+01
3.734089466076321173e+01
4.381446407552104461e+01
5.297801723091787096e+01
