inf
inf
inf
inf
inf
inf
inf
inf
inf
inf
inf
inf
inf
1.599689780025761898e+00
inf
inf
2.207394189268665929e+00
inf
4.158461574120501325e+00
5.910686017050025498e+00
5.258830522931063456e+00
2.725999435573206142e+01
7.746496756598099331e+00
1.149833364854412920e+01
5.707285191054770479e+01
1.591670243243654781e+01
2.173677330899812077e+01
2.882903598250349120e+01
2.966775103063264041e+01
5.640537513432785488e+01
7.253945367886748841e+01
6.753509513240922502e+01
9.533492326139649720e+01
1.308998882740233114e+02
1.684316264309553333e+02
2.213275240427640540e+02
2.575194567627959259e+02
3.359819646985475856e+02
4.016005492549225551e+02
4.730371302335253176e+02
6.809032994982457012e+02
8.160183750115029397e+02
1.137596713513789382e+03
1.332402158578138369e+03
1.642393982960214316e+03
2.929716479794317365e+03
