inf
inf
inf
inf
inf
inf
inf
inf
inf
inf
4.495449012593495941e-01
inf
inf
inf
4.833893919337157175e-01
inf
inf
6.989307627829175473e-01
inf
inf
1.059081570983897880e+00
inf
1.636604312416137352e+00
2.415164571882512767e+00
inf
3.504246124895568748e+00
4.928198386181050772e+00
6.688059423256129676e+00
8.829810557997840093e+00
1.140128362749780244e+01
1.129298341775110437e+01
2.172608200794836009e+01
2.062691399791142999e+01
3.697280300980028755e+01
3.375922121552918753e+01
4.522813932328705278e+01
5.454408914459941826e+01
7.284415715448658091e+01
9.010261790154892481e+01
1.211465771550487034e+02
1.586257164001104059e+02
1.821898665544691482e+02
2.453788243540205087e+02
3.216920676880975520e+02
3.787663282960057813e+02
6.167513202295983774e+02
