inf
inf
inf
inf
inf
inf
inf
inf
inf
inf
6.729783302509302700e+01
inf
inf
6.793974351489386265e+01
inf
9.925298526308559133e+01
inf
1.457565452373156063e+02
inf
2.117486590245182754e+02
3.051457103590825568e+02
inf
4.302743646767318637e+02
5.890327770793004447e+02
7.829553649017079806e+02
7.977315133126447790e+02
1.609467584065520668e+03
1.978572154430950150e+03
1.843446848321340667e+03
2.602396161218176076e+03
3.545045121862743144e+03
4.691182159910271366e+03
6.060682688293121828e+03
6.587810933401415241e+03
9.054008609661261289e+03
1.205894920093354085e+04
1.567658844515388409e+04
1.787854176201886730e+04
2.391252124341602394e+04
2.868583041571656213e+04
3.864224981907643814e+04
5.069086347883090639e+04
6.068561233558693493e+04
7.518853632891674351e+04
1.002231096554458345e+05
1.491219419336847204e+05
