inf
inf
inf
inf
inf
inf
inf
inf
inf
1.350900563153521716e+02
inf
inf
1.456205204500590753e+02
inf
inf
2.052292708091149507e+02
inf
2.952720336283730944e+02
4.276522891988807373e+02
inf
6.130267338037571108e+02
8.619949832307902398e+02
1.179974516107907675e+03
1.568669963228450342e+03
2.034383902022035727e+03
2.583994266446160054e+03
2.502044336706675040e+03
4.810399690378712876e+03
4.411474190374476166e+03
6.111990864575708656e+03
8.200568266946191216e+03
1.071700197495712200e+04
1.178312557704480787e+04
1.914106636689122752e+04
2.003004895571738962e+04
2.381918263907873916e+04
3.697822856577927450e+04
4.159565470319500309e+04
5.054798800184998981e+04
6.901279682461521588e+04
9.148928718679791200e+04
1.104646503395448090e+05
1.462510883840077149e+05
1.782344169760544028e+05
2.225843109828797169e+05
3.564125653212817851e+05
