inf
inf
inf
inf
inf
inf
inf
inf
inf
inf
5.113541549486583238e-01
inf
inf
inf
inf
4.382143637949595938e-01
inf
inf
6.175682171870578996e-01
inf
8.944634618147552230e-01
inf
1.338447357919406278e+00
2.452753463465466854e+00
3.285846074631302738e+00
2.819661492483762633e+00
3.937563208065669951e+00
5.333829194228719039e+00
7.021507459299391130e+00
9.042976696161060701e+00
1.143804980604072874e+01
1.104083734641518078e+01
2.100050127988902204e+01
1.931775497231971528e+01
2.669991879739486862e+01
3.571245956635240049e+01
4.659214460463785912e+01
5.958813032834358836e+01
6.404722678764339605e+01
8.699417652681451329e+01
1.148490365993548039e+02
1.329400132805890280e+02
1.804116890954764187e+02
2.379954550292801514e+02
2.818388480995944292e+02
4.610277087803702329e+02
