inf
inf
inf
inf
inf
inf
inf
inf
inf
inf
inf
3.607360325458428552e-01
inf
inf
inf
3.987193797988677901e-01
inf
inf
5.170610150793418791e-01
inf
7.321753977524464441e-01
inf
1.066693422417600345e+00
inf
1.557876595547766030e+00
2.224010694394464860e+00
3.139968242930578413e+00
4.354145897539015486e+00
5.159782281152965666e+00
6.666579806391109031e+00
8.930650021074988842e+00
1.112596945870541987e+01
1.052615983442401770e+01
1.971427276905555459e+01
1.782924663635113305e+01
2.423361470683846264e+01
3.201941643477063337e+01
3.560858252055848538e+01
5.836684850591592522e+01
6.161497947764294736e+01
8.206618750873991530e+01
9.578070644450818349e+01
1.310302120273911441e+02
1.739782536455527122e+02
2.073342522764322666e+02
3.404226750042112712e+02
