inf
inf
inf
inf
inf
inf
inf
inf
inf
inf
inf
inf
inf
2.459776487003114021e+00
inf
inf
3.385710465239698763e+00
inf
4.936296178757330289e+00
inf
7.456653424276167286e+00
inf
1.107376047636972594e+01
1.608268177658033338e+01
2.268181419656923481e+01
3.098299494977389301e+01
4.100549420314550275e+01
5.303011807197359673e+01
6.737679911537279054e+01
8.401561046063271476e+01
7.961628669959708304e+01
1.499438562170507510e+02
1.355109100647472360e+02
1.844882158627711704e+02
2.440349362125060111e+02
2.715415999666656717e+02
4.458887381840567627e+02
4.705012842754270537e+02
5.699983104550331063e+02
8.661957743042058837e+02
1.001647192653589286e+03
1.330345201938487889e+03
1.585080431536765445e+03
2.124606084262955846e+03
2.591228992347183066e+03
4.587314478147333830e+03
