inf
inf
inf
inf
inf
inf
inf
inf
inf
inf
inf
inf
1.275344817067044367e+01
inf
inf
1.391617128148355498e+01
inf
1.927195679171348175e+01
inf
2.765594406852966003e+01
4.206644577754524761e+01
1.338727806338013977e+02
5.782703202541193122e+01
8.124581296628058169e+01
1.107446383581977187e+02
1.467088367231426673e+02
1.898201535810364362e+02
2.407079570094942653e+02
2.327805494898834695e+02
4.457345083081710868e+02
4.093179299815412264e+02
5.667472711958222362e+02
7.594870869534604481e+02
9.922292602958389125e+02
1.268444482344021026e+03
1.363974519130462113e+03
1.853508238298638162e+03
2.447843243129795610e+03
2.834474585835092057e+03
3.847731101096223028e+03
5.076936905155722343e+03
6.012884780212336409e+03
8.014198387781114434e+03
9.723094003381220318e+03
1.293030055974659808e+04
1.976911626205099310e+04
