inf
inf
inf
inf
inf
inf
inf
inf
inf
inf
inf
inf
4.348318676226534230e+00
inf
inf
5.349153009972308581e+00
inf
inf
7.612352962339540063e+00
inf
1.125668367988282270e+01
1.651911854928083301e+01
inf
2.386574209085542009e+01
3.359576857797672034e+01
4.581235782068263518e+01
6.071204697509131165e+01
7.856677967280273833e+01
9.964168245067476448e+01
9.634172988312033681e+01
1.849912208366839081e+02
1.695206349002534694e+02
2.346805282234802235e+02
3.147004322413959585e+02
4.111090863965530389e+02
4.518616634235524430e+02
7.338367767387670710e+02
7.677994314053264588e+02
9.129015434425931517e+02
1.417076507286358947e+03
1.593902409884645522e+03
1.936789667486345024e+03
2.644148729182396892e+03
3.505090136440296192e+03
4.231994117076222210e+03
6.586311885114658253e+03
