inf
inf
inf
inf
inf
inf
inf
inf
inf
inf
inf
inf
4.277616299715854969e-02
inf
inf
inf
5.867739936633943609e-02
2.024672059531148760e-01
inf
1.151003321128315771e-01
1.785167263583489483e-01
inf
1.630725062174430140e-01
9.383398643305783660e-01
2.685568117834256641e-01
4.107495547133773184e-01
1.358812550645263073e+00
5.775575645447852402e-01
8.155642361713867361e-01
1.112309086069340314e+00
1.473526195299500019e+00
1.905423351488726880e+00
1.908591723371820148e+00
3.538912175188916098e+00
3.484281619464988378e+00
6.099812033203830808e+00
5.680053593881938312e+00
7.612517113988680251e+00
8.680090293612183316e+00
1.383400289645363834e+01
1.517903677742679847e+01
2.040487196807752923e+01
2.671889482050151088e+01
3.069790452623315957e+01
4.134351982027762773e+01
7.216463914208129893e+01
