inf
inf
inf
inf
inf
inf
inf
inf
inf
inf
inf
inf
3.564754631263657529e+02
inf
4.751107274858526353e+02
inf
6.770142345546282741e+02
inf
9.648364708272750931e+02
1.371008254864816536e+03
1.925590138904315154e+03
2.634553328611849338e+03
3.502876619744405616e+03
4.543254396666317007e+03
5.771149647124358125e+03
7.203490534080140606e+03
6.833956213953882980e+03
9.853906283077707485e+03
1.798481784303375389e+04
1.587220865398291971e+04
1.817277751932359752e+04
3.060836560674357315e+04
3.292248775099316845e+04
4.474916753106434044e+04
5.910795739825161581e+04
7.624391104132332839e+04
8.634274028030681075e+04
1.056816226918864413e+05
1.580508910210209142e+05
1.831885661984595063e+05
2.233777739220738295e+05
2.984441197912577773e+05
3.666395098316288786e+05
4.613952449882793589e+05
6.161029290796179557e+05
8.995580025157032069e+05
