inf
inf
inf
inf
inf
inf
inf
inf
inf
inf
inf
3.105608340590112704e+01
inf
inf
3.639116917668589934e+01
inf
5.159170574389104047e+01
inf
7.657874410691333367e+01
1.174594894317614404e+02
3.910379801911706750e+02
1.624642166304770683e+02
2.293390026601438763e+02
3.138851945267302312e+02
4.170992053255789642e+02
5.407142836865491518e+02
6.866545445404568682e+02
6.650910489663580165e+02
1.274895854255851191e+03
1.171505293228942946e+03
1.623393086024291506e+03
2.175973949235620694e+03
2.843654885748729157e+03
3.636463863459836375e+03
3.910988783331966260e+03
5.315399961090226498e+03
7.020454206578994672e+03
8.129848023873678358e+03
1.103680291784061592e+04
1.456247307645124238e+04
1.724844443723432414e+04
2.298972858088883731e+04
2.789225419244734803e+04
3.709298558096524357e+04
4.538313244452212530e+04
7.508333363800623920e+04
