inf
inf
inf
inf
inf
inf
inf
inf
inf
inf
inf
inf
2.035085568279606794e-01
inf
inf
inf
1.473630234517203375e-01
inf
inf
1.784252110356856769e-01
inf
2.879339281429057484e-01
6.026083788533355134e-01
4.010229541716822110e-01
1.485069210460317590e+00
5.752203452681425855e-01
8.441654625864216666e-01
1.276774516551830940e+00
1.853195158267847864e+00
1.671968236398020613e+00
1.955659170540186231e+00
3.152360162958339096e+00
4.250584272954379017e+00
4.061731250942693272e+00
7.393622122306174660e+00
6.850507654618338549e+00
9.316329296280191130e+00
1.231396857238662612e+01
1.546582189737342006e+01
1.788757145537079651e+01
2.372255570165515692e+01
3.159762311399979140e+01
3.696159916507326670e+01
5.608247803229370021e+01
5.775489018760958970e+01
1.154624523967802219e+02
