inf
inf
inf
inf
inf
inf
inf
inf
inf
inf
inf
inf
inf
1.039110185982706103e+00
inf
inf
1.708418341540612007e+00
3.558097196388086747e+00
inf
2.394275684615760014e+00
inf
3.662304027725037159e+00
5.483119302593079780e+00
inf
8.011511013677804272e+00
1.132329257344017748e+01
1.546032581005367668e+01
2.050705116070686174e+01
2.654328734828084535e+01
3.367862442558885050e+01
3.256704301898270870e+01
6.249376396983132054e+01
5.728956417125750988e+01
7.929795829835362042e+01
1.063172428190494969e+02
1.388659507175253793e+02
1.526401075963246399e+02
2.476751256431951163e+02
2.592491538808751557e+02
3.082351241534071278e+02
4.782897870171339605e+02
5.380115299894224563e+02
6.537358684332833718e+02
9.713890573343088590e+02
1.047789633146548795e+03
1.887131985689578642e+03
