inf
inf
inf
inf
inf
inf
inf
inf
inf
inf
inf
1.778695252880410038e+01
inf
inf
2.115295119176662908e+01
inf
3.092449783100779825e+01
inf
4.485724054290910345e+01
inf
6.569578832587644968e+01
9.511225376853620617e+01
inf
1.339720695325993347e+02
1.829822065487705629e+02
2.427953219642898262e+02
2.471705272485115472e+02
4.955866006394570604e+02
6.113073669783869946e+02
5.692237217088360239e+02
8.032262256322836720e+02
1.094340761185046858e+03
1.443676263105400267e+03
1.868300423366482619e+03
2.047863906888164365e+03
3.195508800785880339e+03
3.388299929011543554e+03
3.991273930270464462e+03
5.512911057065422938e+03
7.355983606395518109e+03
9.601671698057145477e+03
1.124439733721882658e+04
1.385684728416937287e+04
1.869233890209743186e+04
2.453771330004652555e+04
3.386700187982773059e+04
