inf
inf
inf
inf
inf
inf
inf
inf
inf
inf
inf
4.950241830267901877e-01
inf
inf
inf
3.550937943039398359e-01
inf
inf
4.346660746752468163e-01
2.112304612313494090e+00
inf
5.282342026975817006e-01
3.120450100341098487e+00
7.693305982185577596e-01
1.071443817346188210e+00
1.006990154119075243e+01
1.505367124079967311e+00
2.083664551789589758e+00
2.803688647766565456e+00
3.681643597413312374e+00
4.733853081145690922e+00
4.673160829345522238e+00
8.984484058907737491e+00
8.475205754530231061e+00
1.542003075060455330e+01
1.390740640633639380e+01
1.862258391482452780e+01
2.103429632838446040e+01
3.457988511794421527e+01
3.707674391010486659e+01
4.984390019556771279e+01
6.525576503935845096e+01
7.495005601321037147e+01
1.009438354361302714e+02
1.323302040740632322e+02
1.905551858136728356e+02
