inf
inf
inf
inf
inf
inf
inf
inf
inf
6.181542123113639153e-01
inf
inf
inf
inf
7.080660923260145845e-01
inf
inf
1.099181802894613869e+00
inf
1.742333035456769874e+00
inf
2.681569317711810729e+00
inf
4.030656102516065431e+00
5.896712478898423981e+00
8.325885192539187685e+00
1.138457989246129820e+01
1.502975418442386513e+01
1.945431752079257848e+01
2.468974933418331830e+01
3.079800291038852933e+01
2.917319363423577983e+01
4.574330158147756720e+01
6.196605417966399187e+01
6.749334308944192173e+01
8.924195706364683645e+01
9.926817914070369397e+01
1.434691242363810204e+02
2.089611944700025674e+02
2.064680714539985900e+02
3.229485216524404336e+02
3.658375428403485330e+02
4.858398760490256336e+02
5.788268059583235754e+02
7.757853837707832554e+02
1.247251206180934332e+03
