inf
inf
inf
inf
inf
inf
inf
inf
inf
inf
4.450892090435781268e-01
inf
inf
inf
5.295042815496440181e-01
inf
inf
8.251900512039564983e-01
inf
1.428585204067319481e+00
3.537767185451159424e+00
2.042222340108659218e+00
inf
3.062600565722070289e+00
4.501352934942668860e+00
3.572931493142578319e+01
6.300906535408683062e+00
8.588381145753217538e+00
1.136932670888562846e+01
1.155027874657027276e+01
2.312627765218169174e+01
2.848564836510662701e+01
2.649499597882193314e+01
3.734020686010098444e+01
5.078688418261447879e+01
6.708767132944480238e+01
8.666910842613604871e+01
9.416732284171918366e+01
1.294435588774979067e+02
1.719268148226850315e+02
2.237241873773164400e+02
2.551400214843072263e+02
3.411653709202320783e+02
4.107756459415239760e+02
5.484449046733262776e+02
8.845513587053951596e+02
