inf
inf
inf
inf
inf
inf
inf
inf
inf
inf
inf
inf
8.109752111531066954e-02
inf
inf
inf
7.886771966757977204e-02
inf
inf
1.253370289211388489e-01
inf
3.076842002066482173e-01
2.668402242746223396e-01
3.848466869577316096e-01
5.538436070021443003e-01
4.780167409001626067e-01
7.957263409098017659e-01
1.458982819229838634e+00
9.867370306995958407e-01
1.344585870422167817e+00
1.780624487002450795e+00
1.872464784942420524e+00
3.226777424646455561e+00
4.455829247790474845e+00
4.157151988661825115e+00
5.862568192156495606e+00
8.051803549147665606e+00
1.029773823574173974e+01
1.358099760417569435e+01
1.487094797658231826e+01
2.337221371646287338e+01
2.464678678333633499e+01
2.902671451762638455e+01
4.006617904772470951e+01
5.350986928338205928e+01
9.298317047075768471e+01
