inf
inf
inf
inf
inf
inf
inf
inf
inf
inf
inf
5.156504104378347719e-01
inf
inf
inf
5.643090682740413699e-01
4.257746483523131564e-01
inf
7.677109929026592061e-01
3.722488423774568678e-01
inf
4.314663184701721388e-01
inf
6.039582170332286060e-01
1.005076199441217843e+00
1.690962480761389219e+00
1.227226045671727217e+00
1.702184019518605984e+00
2.293743123689099495e+00
3.013097613302207822e+00
3.876311618500562606e+00
4.898995603856897141e+00
4.723839776142803260e+00
9.004156443927525899e+00
8.264173955695312657e+00
1.141791931123598047e+01
1.527876130859760195e+01
1.994257027304050922e+01
2.262312495050381500e+01
3.300486929979717843e+01
3.720805234318630283e+01
4.911887936495236318e+01
5.685946545349938930e+01
7.716512259558359688e+01
1.017970449676684410e+02
1.472854627147864903e+02
