inf
inf
inf
inf
inf
inf
inf
inf
inf
inf
inf
inf
8.421783872075526034e+00
inf
inf
8.734683740164157939e+00
inf
1.182307886814125197e+01
inf
1.736412113393944878e+01
inf
2.514850122469633220e+01
3.633997742915062901e+01
7.193261995936951791e+01
7.250321189447348047e+01
6.958296558689245614e+01
8.896492621480896901e+01
9.726739465000791540e+01
1.881608207313181254e+02
2.312101424105300396e+02
2.151874120582445471e+02
3.034724696773942014e+02
4.131006707010099603e+02
5.463904569283197361e+02
7.056674285007254639e+02
7.668295694293483393e+02
1.053494719719057457e+03
1.403497189082776231e+03
1.823873280667727840e+03
2.079894145382868373e+03
2.781658124558586678e+03
3.335113283909245638e+03
4.496643656510565052e+03
5.900056748206807242e+03
7.058225249169434392e+03
1.090339262860764029e+04
