inf
inf
inf
inf
inf
inf
inf
inf
inf
inf
inf
4.368125176103714868e-01
inf
inf
inf
3.712703826538510388e-01
inf
inf
4.665392192669553517e-01
inf
7.712679958241690503e-01
1.009539136217793676e+00
9.665389066330949408e-01
2.179007688656501518e+00
1.267224492874829522e+00
1.872650883735751171e+00
6.099082592621355658e+00
2.486751805554905381e+00
3.344267366263808494e+00
4.393321263200075322e+00
4.447003073471591073e+00
8.726501876885365050e+00
1.084796418443356281e+01
1.008126689626286954e+01
1.418412196276169723e+01
1.925970072427035618e+01
2.541916819022645058e+01
3.282831968273907819e+01
3.568217843375274612e+01
5.165838928720027212e+01
6.001447591491250932e+01
8.462542761863359431e+01
9.657926875259383337e+01
1.291303009431996429e+02
1.682717318018091817e+02
2.267039532539728270e+02
