inf
inf
inf
inf
inf
inf
inf
inf
inf
inf
inf
3.899896432631328458e-01
inf
inf
inf
inf
2.370722888437520603e-01
inf
inf
2.616556987072187201e-01
inf
3.447395081734305200e-01
inf
4.898556997411698255e-01
inf
7.073863283796552048e-01
1.008893548203608992e+00
1.412480715662699948e+00
1.905029428506603395e+00
2.454667258145092124e+00
3.187604872291785796e+00
4.063241463147475585e+00
5.059078246059526052e+00
4.787700744713333734e+00
6.964718833633191331e+00
1.199199085237819418e+01
1.103787515328145652e+01
1.266861266541177322e+01
2.099211383774085604e+01
2.282919816515100564e+01
3.109569209225451658e+01
4.059706501198044748e+01
5.274243794998662338e+01
5.972636289786483133e+01
7.931315546688327345e+01
1.153270551700398130e+02
