5.000000000000000971e-02
5.500000000000000028e-02
6.049999999999999822e-02
6.654999999999998417e-02
7.320499999999997842e-02
8.052549999999997210e-02
8.857804999999996376e-02
9.743585499999994626e-02
1.071794404999999312e-01
1.178973845499999146e-01
1.296871230049999046e-01
1.426558353054998840e-01
1.569214188360498474e-01
1.726135607196548072e-01
1.898749167916202740e-01
2.088624084707823014e-01
2.297486493178604872e-01
2.527235142496465081e-01
2.779958656746111534e-01
3.057954522420722188e-01
3.363749974662794129e-01
3.700124972129073542e-01
4.070137469341980618e-01
4.477151216276177847e-01
4.924866337903795466e-01
5.417352971694174846e-01
5.959088268863591553e-01
6.554997095749950375e-01
7.210496805324944081e-01
7.931546485857438045e-01
8.724701134443181294e-01
9.597171247887498202e-01
1.055688837267624747e+00
1.161257720994387066e+00
1.277383493093825706e+00
1.405121842403208143e+00
1.545634026643528669e+00
1.700197429307881425e+00
1.870217172238669345e+00
2.057238889462536413e+00
2.262962778408789788e+00
2.489259056249668145e+00
2.738184961874635004e+00
3.012003458062098016e+00
3.313203803868307595e+00
3.644524184255137911e+00
