inf
inf
inf
inf
inf
inf
inf
inf
inf
inf
2.295306559257883627e-01
inf
inf
inf
inf
2.819488593249455666e-01
inf
inf
4.702414198502150033e-01
inf
7.574746257631896906e-01
inf
1.195446018333505611e+00
2.227011102810242615e+00
3.130543993266491132e+00
2.664478349132779478e+00
3.772540337764405560e+00
5.157495570415642661e+00
6.844024059930050363e+00
8.860779182239385321e+00
1.125169839905661640e+01
1.089974586201065065e+01
2.080347481236929497e+01
1.916994159870571224e+01
2.654424547011182156e+01
3.554979589095993475e+01
4.642150452559947382e+01
5.940525526364135089e+01
6.388250257254736653e+01
8.680659195312820486e+01
1.146366192692879906e+02
1.327378442410547166e+02
1.801802014572048165e+02
2.377221604771947057e+02
2.815519100235988503e+02
4.605975646967888792e+02
