inf
inf
inf
inf
inf
inf
inf
inf
inf
inf
inf
inf
4.218215442691321954e-02
inf
inf
inf
6.522386873899777004e-02
inf
inf
1.160246032844699099e-01
inf
2.948665745590111076e-01
2.601117479565721591e-01
3.766741056466778037e-01
5.479470972100415338e-01
4.732957070524830834e-01
7.895671319280312961e-01
1.454408919067079919e+00
9.823428958864000027e-01
1.340356662967620016e+00
1.776614917614332212e+00
1.869481053732767739e+00
3.223758507744399537e+00
4.452100084371069855e+00
4.154461900909127259e+00
5.859850023159967058e+00
8.048921761741455683e+00
1.029494241456949766e+01
1.357784359965110710e+01
1.486797661776244972e+01
2.336836826880898244e+01
2.464312553941110551e+01
2.902288015606168514e+01
4.006134354018546873e+01
5.350392118936609620e+01
9.297325113729587542e+01
