inf
inf
inf
inf
inf
inf
inf
inf
inf
inf
inf
inf
3.075687005149753350e+00
inf
inf
4.544335017261179388e+00
inf
inf
6.980319521450891962e+00
inf
1.071231634138574051e+01
1.602205247794918819e+01
inf
2.339622093639364664e+01
3.313342671876272050e+01
4.535081800803417451e+01
6.025237390329947829e+01
7.810359754565719470e+01
9.918392833709073386e+01
9.600905396503601708e+01
1.845361298018363811e+02
1.692000033440996845e+02
2.343635542724831851e+02
3.143915704240392301e+02
4.108079261539625122e+02
4.516188849103161260e+02
7.335485605585344047e+02
7.675652848416156075e+02
9.126958625231267206e+02
1.416830244164187434e+03
1.593678818248186417e+03
1.936591079324392240e+03
2.643939058428319640e+03
3.504855821764824668e+03
4.231753773142973841e+03
6.585966097174780771e+03
