inf
inf
inf
inf
inf
inf
inf
inf
inf
inf
inf
inf
3.500159677944084807e-02
inf
inf
inf
5.631948305261299387e-02
1.964736688346265803e-01
inf
1.131074030963965943e-01
1.764910335759831694e-01
inf
1.619726181133489817e-01
9.327991644092581414e-01
2.677244972966286718e-01
4.099201343264081143e-01
1.357909375467583502e+00
5.768425446536369350e-01
8.148370459523217590e-01
1.111607968435792237e+00
1.472859252971096211e+00
1.904791360802980060e+00
1.908138044368851149e+00
3.538356898079987101e+00
3.483827109836702185e+00
6.099235167625796095e+00
5.679575672310335221e+00
7.612018013829869645e+00
8.679634848768927213e+00
1.383342266184619618e+01
1.517846357242015642e+01
2.040421850484169042e+01
2.671809976440193779e+01
3.069705243712339993e+01
4.134245921838674320e+01
7.216286775458719660e+01
