inf
inf
inf
inf
inf
inf
inf
inf
inf
inf
inf
1.024376980585061242e-01
inf
inf
inf
1.661933369337647848e-01
inf
inf
2.885761346217922685e-01
inf
5.668064050240237961e-01
8.248409867648739402e-01
7.990219349845878449e-01
1.980493057220510611e+00
1.129390165996294604e+00
1.728310509290543751e+00
5.946706856665392671e+00
2.348913847447701819e+00
3.209217479869076683e+00
4.257934667259053896e+00
4.347903149986380278e+00
8.593784429006195325e+00
1.070995528903238991e+01
9.981057299831544327e+00
1.408201202457060219e+01
1.915465929222797925e+01
2.530971508450189233e+01
3.271256977329151283e+01
3.557834624741805385e+01
5.152682523573736972e+01
5.989719924344231572e+01
8.447855490048533511e+01
9.643272247425210253e+01
1.289547987070485817e+02
1.680675550521080766e+02
2.264390431878733807e+02
