inf
inf
inf
inf
inf
inf
inf
inf
inf
inf
inf
8.559846615299208927e-02
inf
inf
inf
1.363149834555491546e-01
inf
inf
2.463009697243054019e-01
1.375379605626953605e+00
inf
3.925665964026878729e-01
2.289639797322966519e+00
6.470504682392871354e-01
9.533876017295057625e-01
9.758122660888410849e+00
1.393861099567541784e+00
1.972101737987791870e+00
2.693720549447184975e+00
3.573306737187876170e+00
4.626542672204022821e+00
4.595159455222070477e+00
8.880028660943029450e+00
8.398127740933684748e+00
1.531494484599355310e+01
1.382839616023785823e+01
1.854115147647410211e+01
2.096212068759152558e+01
3.448659496350073539e+01
3.698954150534208196e+01
4.974441686770247628e+01
6.514558159697926953e+01
7.483964509159068257e+01
1.008103732794288732e+02
1.321731432944038147e+02
1.903412989514054914e+02
