inf
inf
inf
inf
inf
inf
inf
inf
inf
inf
inf
inf
inf
1.872067433402142544e+00
inf
inf
3.002828540948739189e+00
inf
4.630710661479048085e+00
inf
7.208204918876209177e+00
inf
1.082777861752298243e+01
1.583169878414306631e+01
2.242757016169847617e+01
3.072226548568474414e+01
4.074094363418791431e+01
5.276615088931999509e+01
6.710683879444817990e+01
8.373695069039244743e+01
7.941550304575058306e+01
1.496565715513365262e+02
1.353022759861504198e+02
1.842720138729650330e+02
2.438097433117384014e+02
2.713523673772519942e+02
4.456509601754578966e+02
4.702965010869046978e+02
5.698033000407784812e+02
8.659637672939498998e+02
1.001417674374370677e+03
1.330106459175127156e+03
1.584843704541700390e+03
2.124329403807506878e+03
2.590934923517213065e+03
4.586840692341239446e+03
