inf
inf
inf
inf
inf
inf
inf
inf
inf
inf
inf
7.046316932087090534e-02
inf
inf
inf
1.670432772548218758e-01
1.515708666674095151e-01
inf
3.941785204282108324e-01
2.288047043391276958e-01
inf
3.231874688953119135e-01
inf
5.116473452591349114e-01
8.930754556357699547e-01
1.602054103722321043e+00
1.146769778967804410e+00
1.622149412147535275e+00
2.215983726382036778e+00
2.937308828369776581e+00
3.800750934813388771e+00
4.823826344942854227e+00
4.669878032922777145e+00
8.929939737359703145e+00
8.210518237317220525e+00
1.136343822062270092e+01
1.522258991818881491e+01
1.988397492861618687e+01
2.256704840166342052e+01
3.294248174180989963e+01
3.714240574108638526e+01
4.904593038505407065e+01
5.678575233752427920e+01
7.707592180882083710e+01
1.016903586798449766e+02
1.471403476891299533e+02
