inf
inf
inf
inf
inf
inf
inf
inf
inf
inf
inf
inf
3.563386338156881834e+02
inf
4.750100178398683397e+02
inf
6.769312437723690437e+02
inf
9.647469754562572462e+02
1.370927363729489571e+03
1.925495503807682553e+03
2.634442056906113521e+03
3.502765066261967604e+03
4.543131060337770577e+03
5.771013755474674326e+03
7.203345950253684350e+03
6.833840267923233114e+03
9.853772755434405553e+03
1.798460960856605743e+04
1.587205035748766022e+04
1.817262927100820161e+04
3.060815994460511138e+04
3.292230125729682186e+04
4.474896035436832608e+04
5.910772638981734781e+04
7.624365411393828981e+04
8.634249042167636799e+04
1.056813662321455631e+05
1.580505610343973967e+05
1.831882212266324495e+05
2.233774040037002414e+05
2.984437016360086855e+05
3.666390567986015812e+05
4.613947292016564170e+05
6.161023103269885760e+05
8.995571566971165594e+05
