inf
inf
inf
inf
inf
inf
inf
inf
inf
inf
inf
inf
inf
9.329502726649911981e-01
inf
inf
1.602981240189524925e+00
3.392790387480369763e+00
inf
2.315828529560419291e+00
inf
3.580817909164547341e+00
5.396887245065019378e+00
inf
7.916258583855560360e+00
1.121039524791017428e+01
1.533535953482623171e+01
2.036731053939221781e+01
2.639227301159356998e+01
3.350967489791955956e+01
3.243371939682126026e+01
6.228630579029623249e+01
5.713060269793801638e+01
7.912040469831711675e+01
1.061226406974020477e+02
1.386556213900093155e+02
1.524487628154891183e+02
2.474181943242755892e+02
2.590168608303991391e+02
3.079988906604592103e+02
4.779805534961924423e+02
5.377249425772064342e+02
6.534453418817959118e+02
9.710087005918699106e+02
1.047426052649939720e+03
1.886527063164864330e+03
