inf
inf
inf
inf
inf
inf
inf
inf
inf
inf
inf
inf
inf
1.315197825550088018e+00
inf
inf
2.038879645923740380e+00
inf
3.961656504102627263e+00
5.723235450579799100e+00
5.125738517086854351e+00
2.693365952854336243e+01
7.607055737140143492e+00
1.135492353368529983e+01
5.689516254424371766e+01
1.577284493625589157e+01
2.158110095939901640e+01
2.866580095149552321e+01
2.953547353324035285e+01
5.623138900432051912e+01
7.233888347862102819e+01
6.738120701903328325e+01
9.516601111546125935e+01
1.307152808503839765e+02
1.682471730174624156e+02
2.211213821782718867e+02
2.573109841521576868e+02
3.357840218747558083e+02
4.013842574856392957e+02
4.728222750762462283e+02
6.806382319360586735e+02
8.157859499797211811e+02
1.137307561256723375e+03
1.332103015031582800e+03
1.642073780412325959e+03
2.929190535314198314e+03
