inf
inf
inf
inf
inf
inf
inf
inf
inf
inf
inf
1.291883354223817837e-01
inf
inf
inf
2.209313473377503279e-01
inf
inf
3.623977825955420062e-01
inf
5.898324815556356127e-01
inf
9.342313186062637387e-01
inf
1.420088510045288244e+00
2.085172431890545131e+00
2.989182537523291217e+00
4.194055301369992605e+00
5.025494214959122630e+00
6.532786113232305958e+00
8.776750831116993723e+00
1.096686743376354300e+01
1.040898449751901111e+01
1.954946295404517187e+01
1.770786944982847899e+01
2.410735127156010549e+01
3.188709030743017436e+01
3.549124307520807520e+01
5.821038015988646919e+01
6.147127845146474812e+01
8.190322525850024249e+01
9.562463151199170852e+01
1.308507477248130613e+02
1.737657439622219044e+02
2.071076430193023441e+02
3.400708747752646559e+02
