inf
inf
inf
inf
inf
inf
inf
inf
inf
inf
inf
1.407453354295163805e+01
inf
inf
1.899163478470137179e+01
inf
2.925315178807917604e+01
inf
4.352321755128542691e+01
inf
6.443619015123627491e+01
9.373050481683293356e+01
inf
1.325705459044918371e+02
1.815219484486383408e+02
2.412611841990308506e+02
2.460198006555469021e+02
4.939219335272149465e+02
6.095698435655752974e+02
5.679206512003952412e+02
8.018579371386631465e+02
1.092891153033349610e+03
1.442165281895451699e+03
1.866708590144864274e+03
2.046448202066739668e+03
3.193803646943419608e+03
3.386740569339607191e+03
3.989794836206253876e+03
5.511259970944268389e+03
7.354122365682206691e+03
9.599636475035513286e+03
1.124257632513240242e+04
1.385510145539378755e+04
1.869040428620473176e+04
2.453562723855080185e+04
3.386445225439591013e+04
