inf
inf
inf
inf
inf
inf
inf
inf
inf
inf
2.902104318975058384e-01
inf
inf
inf
3.695657886284436922e-01
inf
inf
5.943284802661291666e-01
inf
inf
9.574950009807663420e-01
inf
1.519436649052174904e+00
2.293729612285193120e+00
inf
3.368821807702322424e+00
4.771412825039039518e+00
6.523139796303882854e+00
8.659238429576797458e+00
1.121763515810167533e+01
1.115071111008609250e+01
2.152262485599062458e+01
2.046734263487861938e+01
3.675792916180019176e+01
3.358937574970183704e+01
4.504680442649370775e+01
5.436152322408638327e+01
7.267188260314401305e+01
8.990940596102508664e+01
1.209244378491252974e+02
1.583758054351853275e+02
1.819552805586865247e+02
2.451112228540982585e+02
3.213809689304505923e+02
3.784447513098584182e+02
6.162711901889292676e+02
