inf
inf
inf
inf
inf
inf
inf
inf
inf
inf
inf
inf
8.453120657444406660e+00
inf
inf
1.142675140817010160e+01
inf
1.733102011627517669e+01
inf
2.611302871625686706e+01
4.056884072655358864e+01
1.317735451260761579e+02
5.644396393905120846e+01
7.985246965203117497e+01
1.093223603296685553e+02
1.452843016258522653e+02
1.883652272164244437e+02
2.392238994154687362e+02
2.317328368518793980e+02
4.442565868439659766e+02
4.082393075955200743e+02
5.656765700216263895e+02
7.584167951666958061e+02
9.911583357387396518e+02
1.267374595630951262e+03
1.363082744249156576e+03
1.852597929745616966e+03
2.446906456518311643e+03
2.833614305150688324e+03
3.846788332799855652e+03
5.075942006449043220e+03
6.012024303615544341e+03
8.013320923652867350e+03
9.722220540870926925e+03
1.292936944100928304e+04
1.976787952139789923e+04
