inf
inf
inf
inf
inf
inf
inf
inf
inf
inf
6.612919206308349374e+01
inf
inf
6.747097337406863460e+01
inf
9.888396487771491650e+01
inf
1.454622810272761910e+02
inf
2.114700927982561325e+02
3.048848149659818318e+02
inf
4.299826247361363585e+02
5.887180859527028360e+02
7.826096451236633129e+02
7.974448291906771829e+02
1.609005680677668579e+03
1.978070849327126098e+03
1.843049838136988683e+03
2.601925092253426556e+03
3.544503788572221310e+03
4.690562154037358596e+03
6.059974716778132461e+03
6.587157415141611636e+03
9.053247253307617939e+03
1.205807625589295458e+04
1.567560325981976712e+04
1.787755694575175949e+04
2.391136252317048275e+04
2.868458694897764144e+04
3.864080576308227319e+04
5.068928430133088841e+04
6.068396089164120349e+04
7.518672996379889082e+04
1.002210125239964109e+05
1.491190693269014300e+05
