inf
inf
inf
inf
inf
inf
inf
inf
inf
inf
3.757901050185341596e-01
inf
inf
inf
4.785270315602147551e-01
inf
inf
7.693879019637831496e-01
inf
1.349665847216550363e+00
3.412437252203597282e+00
1.966470017306370277e+00
inf
2.971095356757251782e+00
4.395916131505021696e+00
3.557148760121176423e+01
6.179603913734125875e+00
8.450145696200376477e+00
1.121919448354104354e+01
1.142776613851686562e+01
2.294057201436387672e+01
2.828532963414059864e+01
2.634203685691859675e+01
3.717501337737064659e+01
5.060740980328795757e+01
6.689526221706957188e+01
8.646148670729913022e+01
9.397952468414099769e+01
1.292304789549004056e+02
1.716820418636312411e+02
2.234491997069350475e+02
2.548834005344238847e+02
3.408753233857871692e+02
4.104676682362114661e+02
5.480909221723755991e+02
8.840234927498449906e+02
