inf
inf
inf
inf
inf
inf
inf
inf
inf
inf
inf
2.999735297094568764e+01
inf
inf
3.587648621152004580e+01
inf
5.115041347063705501e+01
inf
7.614030583624742121e+01
1.169854667954004412e+02
3.903155249492190819e+02
1.619694482719405926e+02
2.287772456897225481e+02
3.132509167129021534e+02
4.163774038660145038e+02
5.399213763451839441e+02
6.857830838293024271e+02
6.643757553543570111e+02
1.273776475065298428e+03
1.170613238832457910e+03
1.622370646756690348e+03
2.174825134483035527e+03
2.842366699821030124e+03
3.635043517499781956e+03
3.909687451800585222e+03
5.313926765507753771e+03
7.018795866374058278e+03
8.128216079911030647e+03
1.103493143852726098e+04
1.456028762435436875e+04
1.724624196295853108e+04
2.298742886322810955e+04
2.788993359809074536e+04
3.709034147777105682e+04
4.538041573192392389e+04
7.507930291265872074e+04
