inf
inf
inf
inf
inf
inf
inf
inf
inf
inf
inf
inf
4.952328385001037586e-02
inf
inf
inf
7.612852532057738653e-02
inf
inf
1.370230536554066514e-01
inf
2.510589653494463835e-01
5.562077494529502619e-01
3.741993083468909687e-01
1.442977192826346178e+00
5.516602238610559539e-01
8.217588893743887901e-01
1.252238017733054543e+00
1.829729111499275529e+00
1.654454782245968092e+00
1.941761502280949570e+00
3.136984062609724955e+00
4.232509223829491241e+00
4.048577590696725181e+00
7.376883060684002125e+00
6.837690962600025735e+00
9.303167146535951559e+00
1.230026081463216059e+01
1.545129228273360589e+01
1.787445198820053704e+01
2.370716953150716222e+01
3.158040920560274500e+01
3.694393277486395988e+01
5.605832524860504407e+01
5.773179249064259722e+01
1.154189149846314848e+02
