inf
inf
inf
inf
inf
inf
inf
inf
inf
inf
inf
5.853580228470460500e-02
inf
inf
inf
inf
9.351387884286352370e-02
inf
inf
1.616759430983170376e-01
inf
2.699841199573744244e-01
inf
4.274030106489328240e-01
inf
6.510934481841810229e-01
9.571868662574954945e-01
1.361211360783189273e+00
1.854767703119243771e+00
2.407389313482710236e+00
3.140500974970673820e+00
4.015992583869758548e+00
5.012445254173771403e+00
4.754509970425083942e+00
6.930920045836463039e+00
1.195038051909583388e+01
1.100430796689723856e+01
1.263928644671434043e+01
2.095492264481962863e+01
2.279398565322182435e+01
3.105544835547407700e+01
4.055311955976816307e+01
5.269072622580985410e+01
5.967284156196961220e+01
7.924837120211539343e+01
1.152378708006817050e+02
