inf
inf
inf
inf
inf
inf
inf
inf
inf
inf
inf
inf
4.968380511032733260e+00
inf
inf
6.960503474128724832e+00
inf
1.056155287484021166e+01
inf
1.627923896650300506e+01
inf
2.423159389146449172e+01
3.540098092361356663e+01
7.021695693215488632e+01
7.161352302365341416e+01
6.862970089974925259e+01
8.804652329142146527e+01
9.661929248858403696e+01
1.872638664102198902e+02
2.303141282964918162e+02
2.145591019651863860e+02
3.028459851889783181e+02
4.124926846648209562e+02
5.457968848705558003e+02
7.050863342040288444e+02
7.663643608354619801e+02
1.053040156514872706e+03
1.403046487872112948e+03
1.823419688438166986e+03
2.079480914949774615e+03
2.781231028343681828e+03
3.334753121912602637e+03
4.496282241260633782e+03
5.899670257876517098e+03
7.057844441471112987e+03
1.090286846439418878e+04
