inf
inf
inf
inf
inf
inf
inf
inf
inf
1.335082227229810599e+02
inf
inf
1.450257340152200243e+02
inf
inf
2.048100382240074282e+02
inf
2.949046286439642017e+02
4.273471584680482920e+02
inf
6.127140148739251799e+02
8.616734167918629055e+02
1.179628886060265813e+03
1.568304785524842146e+03
2.033993011186832064e+03
2.583576888431862244e+03
2.501714093444663831e+03
4.809906953284928022e+03
4.411099235573798069e+03
6.111578896796918343e+03
8.200120768453647543e+03
1.071651480446579626e+04
1.178269484793201809e+04
1.914049644879476182e+04
2.002954525199360796e+04
2.381869734001812321e+04
3.697760638698960247e+04
4.159505797530461859e+04
5.054737708912161906e+04
6.901207260264127399e+04
9.148845350743952440e+04
1.104638141147660208e+05
1.462501244122150238e+05
1.782333473334227456e+05
2.225831004090299539e+05
3.564107136939927004e+05
