inf
inf
inf
inf
inf
inf
inf
inf
inf
4.991720673697541133e-01
inf
inf
inf
inf
6.363584427569602964e-01
inf
inf
1.040515243124769063e+00
inf
1.678527987197468985e+00
inf
2.610824550290144153e+00
inf
3.948256568715406978e+00
5.796183904119375008e+00
8.210601057822962900e+00
1.125046969161380339e+01
1.488052049062191173e+01
1.929073712438990285e+01
2.450965455853539865e+01
3.060269074308573067e+01
2.901904842306188925e+01
4.554161808109197551e+01
6.178198461553569842e+01
6.729787008953844918e+01
8.903159643724700345e+01
9.907944262188867413e+01
1.432421518628691786e+02
2.087055165544852855e+02
2.062323304811278604e+02
3.226375751699959551e+02
3.655475598458261857e+02
4.855144414847081293e+02
5.784842605387600543e+02
7.753859360463137591e+02
1.246650315021570577e+03
